# mean= 0.00778 s.d.= 0.0049 thr=0.0042 0.018 SIGMA= 2
#Residue names written in 16PKA_MIN8.0_ALL_PHIPSIPSI.names.dat
#resi resj coupling
0 1 0.0311
0 2 0.0186
0 413 0.0254
0 414 0.0344
1 414 0.0207
5 6 0.0192
7 8 0.0189
8 10 0.0206
8 25 0.0183
8 26 0.0192
9 10 0.0217
9 25 0.0177
9 26 0.0185
9 47 0.0186
9 48 0.0187
9 49 0.0184
10 11 0.0235
10 24 0.0181
10 25 0.0216
10 26 0.0224
10 27 0.019
10 28 0.0197
10 29 0.018
10 30 0.0206
10 46 0.0178
10 47 0.0239
10 48 0.024
10 49 0.0239
10 288 0.0176
10 292 0.0178
10 293 0.0182
11 12 0.0212
11 24 0.0185
11 25 0.0218
11 26 0.0226
11 27 0.0192
11 28 0.02
11 29 0.0184
11 30 0.0209
11 47 0.021
11 48 0.0207
11 49 0.0237
11 50 0.018
11 96 0.0177
11 99 0.0186
11 119 0.0208
11 120 0.0199
11 121 0.0181
11 138 0.0178
11 139 0.0184
11 141 0.0177
12 25 0.0177
12 26 0.0183
12 49 0.0177
21 23 0.0189
21 24 0.0189
21 25 0.0217
21 26 0.0212
21 27 0.0188
21 28 0.0196
21 29 0.0184
21 30 0.0218
21 31 0.0183
22 23 0.0239
22 24 0.0234
22 25 0.0262
22 26 0.0267
22 27 0.0242
22 28 0.0244
22 29 0.0226
22 30 0.0268
22 31 0.0223
22 32 0.0186
22 71 0.0181
22 96 0.0182
22 99 0.0189
23 24 0.0358
23 25 0.0427
23 26 0.047
23 27 0.0431
23 28 0.0379
23 29 0.0323
23 30 0.0379
23 31 0.0308
23 32 0.0246
23 33 0.0203
23 59 0.0188
23 60 0.02
23 61 0.0187
23 62 0.0207
23 63 0.0177
23 64 0.019
23 65 0.0198
23 66 0.0177
23 67 0.0212
23 68 0.0211
23 69 0.018
23 70 0.0197
23 71 0.0218
23 72 0.0196
23 73 0.0178
23 74 0.0204
23 75 0.021
23 76 0.0185
23 77 0.0177
23 82 0.0177
23 83 0.018
23 84 0.0209
23 89 0.0197
23 92 0.0193
23 93 0.0213
23 94 0.0176
23 95 0.0198
23 96 0.0239
23 97 0.0222
23 98 0.0203
23 99 0.0244
23 100 0.0218
23 101 0.0192
23 120 0.0178
23 138 0.0181
23 139 0.0193
23 141 0.0187
23 287 0.0188
23 288 0.0193
23 289 0.0178
23 290 0.0188
23 291 0.0183
23 292 0.0196
23 293 0.0199
23 294 0.019
23 306 0.0184
24 25 0.0517
24 26 0.058
24 27 0.0545
24 28 0.0462
24 29 0.037
24 30 0.0396
24 31 0.0282
24 32 0.0231
24 33 0.0189
24 47 0.018
24 48 0.0177
24 49 0.0181
24 59 0.02
24 60 0.0213
24 61 0.0204
24 62 0.0227
24 63 0.0194
24 64 0.0205
24 65 0.0213
24 66 0.0189
24 67 0.0225
24 68 0.0224
24 69 0.019
24 70 0.0207
24 71 0.023
24 72 0.0206
24 73 0.0186
24 74 0.0213
24 75 0.022
24 76 0.0195
24 77 0.0187
24 79 0.0179
24 80 0.019
24 82 0.0205
24 83 0.0215
24 84 0.0249
24 85 0.0199
24 88 0.0186
24 89 0.0225
24 90 0.0189
24 91 0.0181
24 92 0.0217
24 93 0.0235
24 94 0.0194
24 95 0.022
24 96 0.0263
24 97 0.024
24 98 0.0221
24 99 0.0269
24 100 0.0239
24 101 0.0209
24 119 0.0188
24 120 0.0193
24 121 0.019
24 133 0.0186
24 137 0.018
24 138 0.0201
24 139 0.0213
24 140 0.0194
24 141 0.0206
24 142 0.0188
24 251 0.0178
24 252 0.019
24 257 0.0179
24 258 0.0184
24 286 0.0194
24 287 0.0218
24 288 0.0226
24 289 0.021
24 290 0.0222
24 291 0.0216
24 292 0.023
24 293 0.0233
24 294 0.022
24 295 0.0197
24 296 0.0185
24 305 0.0194
24 306 0.0212
24 307 0.0188
24 341 0.0177
24 342 0.0183
24 343 0.018
25 26 0.0809
25 27 0.0759
25 28 0.0583
25 29 0.0441
25 30 0.0486
25 31 0.0321
25 32 0.027
25 33 0.0222
25 36 0.0195
25 46 0.0185
25 47 0.0215
25 48 0.0212
25 49 0.0216
25 50 0.0178
25 58 0.019
25 59 0.0235
25 60 0.025
25 61 0.0238
25 62 0.0263
25 63 0.0224
25 64 0.0234
25 65 0.0244
25 66 0.0215
25 67 0.0256
25 68 0.0254
25 69 0.0214
25 70 0.0232
25 71 0.0257
25 72 0.023
25 73 0.0207
25 74 0.0237
25 75 0.0245
25 76 0.0217
25 77 0.0208
25 78 0.0184
25 79 0.0201
25 80 0.0215
25 81 0.0195
25 82 0.0235
25 83 0.0251
25 84 0.029
25 85 0.023
25 86 0.0202
25 87 0.018
25 88 0.022
25 89 0.0262
25 90 0.0217
25 91 0.021
25 92 0.0252
25 93 0.0272
25 94 0.0224
25 95 0.0255
25 96 0.0306
25 97 0.0277
25 98 0.0257
25 99 0.0313
25 100 0.0277
25 101 0.0241
25 102 0.0197
25 119 0.0216
25 120 0.0223
25 121 0.0219
25 122 0.0186
25 132 0.0178
25 133 0.0216
25 134 0.0201
25 137 0.0211
25 138 0.0236
25 139 0.0251
25 140 0.0228
25 141 0.0242
25 142 0.0221
25 143 0.0179
25 144 0.0188
25 145 0.0194
25 247 0.0186
25 249 0.019
25 250 0.0181
25 251 0.0212
25 252 0.0228
25 253 0.019
25 254 0.0184
25 255 0.0177
25 256 0.0191
25 257 0.0216
25 258 0.0222
25 259 0.0186
25 260 0.0188
25 261 0.0201
25 285 0.0195
25 286 0.0234
25 287 0.0262
25 288 0.0272
25 289 0.0253
25 290 0.0268
25 291 0.0261
25 292 0.0277
25 293 0.0282
25 294 0.0267
25 295 0.0238
25 296 0.0223
25 297 0.0193
25 298 0.0177
25 299 0.0178
25 304 0.02
25 305 0.0232
25 306 0.0254
25 307 0.0226
25 308 0.0204
25 340 0.0188
25 341 0.0212
25 342 0.022
25 343 0.0217
25 344 0.0176
25 360 0.018
25 361 0.0195
25 362 0.0184
26 27 0.0936
26 28 0.0707
26 29 0.0473
26 30 0.0437
26 31 0.0312
26 32 0.0262
26 33 0.0212
26 36 0.019
26 46 0.019
26 47 0.0221
26 48 0.0218
26 49 0.0223
26 50 0.0185
26 58 0.0188
26 59 0.0233
26 60 0.0248
26 61 0.0245
26 62 0.0273
26 63 0.0231
26 64 0.0238
26 65 0.0248
26 66 0.0217
26 67 0.0258
26 68 0.0256
26 69 0.0217
26 70 0.0235
26 71 0.0261
26 72 0.0235
26 73 0.0214
26 74 0.0244
26 75 0.0253
26 76 0.0229
26 77 0.0219
26 78 0.0194
26 79 0.0212
26 80 0.0229
26 81 0.0206
26 82 0.0259
26 83 0.0281
26 84 0.0332
26 85 0.0249
26 86 0.0224
26 87 0.0197
26 88 0.0241
26 89 0.0279
26 90 0.023
26 91 0.0227
26 92 0.0265
26 93 0.0288
26 94 0.0235
26 95 0.0269
26 96 0.0322
26 97 0.0288
26 98 0.0269
26 99 0.0331
26 100 0.0292
26 101 0.0254
26 102 0.0209
26 103 0.018
26 117 0.0181
26 118 0.018
26 119 0.0224
26 120 0.0231
26 121 0.0227
26 122 0.0195
26 132 0.018
26 133 0.022
26 134 0.0205
26 137 0.0216
26 138 0.0246
26 139 0.0259
26 140 0.0238
26 141 0.025
26 142 0.0226
26 143 0.0185
26 144 0.0194
26 145 0.0198
26 244 0.019
26 245 0.0196
26 246 0.0185
26 247 0.0207
26 248 0.0192
26 249 0.0211
26 250 0.02
26 251 0.0234
26 252 0.025
26 253 0.0209
26 254 0.0203
26 255 0.0196
26 256 0.0211
26 257 0.024
26 258 0.0247
26 259 0.0208
26 260 0.0209
26 261 0.0224
26 262 0.0196
26 264 0.0182
26 265 0.0195
26 268 0.0177
26 269 0.0179
26 272 0.0196
26 273 0.018
26 284 0.0181
26 285 0.0207
26 286 0.0251
26 287 0.0282
26 288 0.0296
26 289 0.0276
26 290 0.0293
26 291 0.0285
26 292 0.0301
26 293 0.0306
26 294 0.0287
26 295 0.0254
26 296 0.0236
26 297 0.0204
26 298 0.0188
26 299 0.019
26 302 0.0183
26 303 0.0191
26 304 0.0222
26 305 0.0255
26 306 0.0276
26 307 0.0243
26 308 0.0221
26 309 0.0176
26 310 0.018
26 340 0.0208
26 341 0.0234
26 342 0.0241
26 343 0.0236
26 344 0.0191
26 360 0.0198
26 361 0.0215
26 362 0.0203
26 363 0.0188
26 379 0.0177
26 380 0.0189
26 381 0.018
27 28 0.0663
27 29 0.0434
27 30 0.034
27 31 0.0264
27 32 0.0212
27 33 0.0183
27 47 0.0186
27 48 0.0184
27 49 0.0189
27 59 0.0195
27 60 0.0207
27 61 0.0204
27 62 0.0225
27 63 0.0187
27 64 0.0186
27 65 0.0193
27 67 0.0196
27 68 0.0191
27 71 0.0189
27 74 0.0181
27 75 0.0189
27 76 0.0178
27 82 0.0213
27 83 0.024
27 84 0.0263
27 85 0.0216
27 86 0.0201
27 88 0.0214
27 89 0.0244
27 90 0.02
27 91 0.0199
27 92 0.0226
27 93 0.0253
27 94 0.0204
27 95 0.0234
27 96 0.0278
27 97 0.0249
27 98 0.023
27 99 0.0287
27 100 0.0253
27 101 0.022
27 102 0.0182
27 119 0.0193
27 120 0.0197
27 121 0.0194
27 133 0.0179
27 137 0.0183
27 138 0.0211
27 139 0.022
27 140 0.0202
27 141 0.0209
27 142 0.0188
27 245 0.0176
27 247 0.0187
27 249 0.019
27 250 0.0181
27 251 0.021
27 252 0.0223
27 253 0.0186
27 254 0.018
27 256 0.0186
27 257 0.0212
27 258 0.0217
27 259 0.0183
27 260 0.0186
27 261 0.0199
27 286 0.0214
27 287 0.0244
27 288 0.0257
27 289 0.0241
27 290 0.0253
27 291 0.0245
27 292 0.0255
27 293 0.0256
27 294 0.0236
27 295 0.021
27 296 0.019
27 304 0.02
27 305 0.023
27 306 0.0245
27 307 0.0215
27 308 0.0196
27 340 0.0184
27 341 0.0204
27 342 0.0209
27 343 0.02
27 361 0.0183
28 29 0.0412
28 30 0.0424
28 31 0.0331
28 32 0.0249
28 33 0.0191
28 47 0.0195
28 48 0.0192
28 49 0.0197
28 59 0.021
28 60 0.0222
28 61 0.0214
28 62 0.0236
28 63 0.0197
28 64 0.0198
28 65 0.0205
28 67 0.0207
28 68 0.02
28 71 0.0188
28 82 0.0219
28 83 0.024
28 84 0.0277
28 85 0.0217
28 86 0.0191
28 88 0.0208
28 89 0.025
28 90 0.021
28 91 0.0203
28 92 0.0244
28 93 0.0259
28 94 0.0215
28 95 0.0244
28 96 0.029
28 97 0.0261
28 98 0.0243
28 99 0.0297
28 100 0.0264
28 101 0.0232
28 102 0.0191
28 119 0.0203
28 120 0.0209
28 121 0.0206
28 122 0.0177
28 133 0.0188
28 134 0.0176
28 137 0.0191
28 138 0.0217
28 139 0.0228
28 140 0.0208
28 141 0.0218
28 142 0.0196
28 251 0.0201
28 252 0.0216
28 253 0.018
28 256 0.0179
28 257 0.0204
28 258 0.0209
28 260 0.0177
28 261 0.0189
28 285 0.0178
28 286 0.0216
28 287 0.0244
28 288 0.0255
28 289 0.0238
28 290 0.0252
28 291 0.0245
28 292 0.0257
28 293 0.026
28 294 0.0241
28 295 0.0215
28 296 0.0197
28 304 0.0189
28 305 0.022
28 306 0.024
28 307 0.0212
28 308 0.0192
28 340 0.0179
28 341 0.0201
28 342 0.0208
28 343 0.0202
28 361 0.0184
29 30 0.0403
29 31 0.0302
29 32 0.0239
29 33 0.019
29 47 0.018
29 48 0.0177
29 49 0.0182
29 59 0.0196
29 60 0.0207
29 61 0.0197
29 62 0.0217
29 63 0.0183
29 64 0.0186
29 65 0.0194
29 67 0.0199
29 68 0.0192
29 71 0.0183
29 82 0.0194
29 83 0.0208
29 84 0.0238
29 85 0.0193
29 88 0.0181
29 89 0.0225
29 90 0.0192
29 91 0.018
29 92 0.0224
29 93 0.024
29 94 0.0199
29 95 0.0224
29 96 0.0269
29 97 0.0244
29 98 0.0224
29 99 0.0273
29 100 0.0243
29 101 0.0215
29 119 0.0188
29 120 0.0193
29 121 0.019
29 137 0.0176
29 138 0.0197
29 139 0.0209
29 140 0.019
29 141 0.02
29 142 0.0181
29 252 0.0186
29 258 0.0178
29 286 0.019
29 287 0.0214
29 288 0.0222
29 289 0.0206
29 290 0.0218
29 291 0.0213
29 292 0.0225
29 293 0.0228
29 294 0.0213
29 295 0.0191
29 296 0.0177
29 305 0.019
29 306 0.0209
29 307 0.0186
29 342 0.018
29 343 0.0177
30 31 0.0393
30 32 0.029
30 33 0.0232
30 34 0.0185
30 36 0.0202
30 46 0.0178
30 47 0.0208
30 48 0.0204
30 49 0.0208
30 58 0.0191
30 59 0.023
30 60 0.0243
30 61 0.0228
30 62 0.0251
30 63 0.0213
30 64 0.0223
30 65 0.0233
30 66 0.0203
30 67 0.0243
30 68 0.0237
30 69 0.0195
30 70 0.0209
30 71 0.023
30 72 0.0201
30 74 0.0197
30 75 0.02
30 80 0.0195
30 81 0.0178
30 82 0.0219
30 83 0.0226
30 84 0.0264
30 85 0.0211
30 88 0.0185
30 89 0.0239
30 90 0.0205
30 91 0.0191
30 92 0.0244
30 93 0.0254
30 94 0.0214
30 95 0.024
30 96 0.0289
30 97 0.0266
30 98 0.0247
30 99 0.0293
30 100 0.0262
30 101 0.0231
30 102 0.0185
30 119 0.0208
30 120 0.0215
30 121 0.021
30 122 0.0177
30 133 0.0206
30 134 0.0191
30 137 0.0201
30 138 0.0221
30 139 0.0236
30 140 0.0214
30 141 0.0229
30 142 0.0209
30 144 0.0177
30 145 0.0184
30 251 0.0187
30 252 0.0202
30 257 0.0185
30 258 0.0191
30 285 0.0179
30 286 0.0213
30 287 0.0238
30 288 0.0244
30 289 0.0225
30 290 0.0238
30 291 0.0232
30 292 0.0249
30 293 0.0254
30 294 0.0241
30 295 0.0217
30 296 0.0204
30 304 0.0183
30 305 0.0208
30 306 0.0231
30 307 0.0206
30 308 0.0184
30 341 0.0187
30 342 0.0195
30 343 0.0195
31 32 0.0298
31 33 0.0228
31 34 0.0178
31 36 0.0182
31 59 0.0179
31 60 0.0187
31 62 0.0186
31 67 0.0183
31 68 0.0176
31 84 0.0187
31 89 0.0195
31 92 0.021
31 93 0.022
31 94 0.0184
31 95 0.0208
31 96 0.0252
31 97 0.0234
31 98 0.0216
31 99 0.0249
31 100 0.0228
31 101 0.0209
31 119 0.0181
31 120 0.018
31 121 0.0176
31 139 0.0185
31 141 0.0177
32 33 0.0206
32 93 0.0183
32 96 0.0208
32 97 0.0201
32 98 0.0183
32 99 0.0215
32 100 0.0192
33 34 0.0187
33 36 0.0176
33 96 0.0176
33 99 0.0182
46 47 0.02
46 48 0.0195
46 49 0.0187
47 48 0.0279
47 49 0.0229
47 288 0.0177
47 292 0.0181
47 293 0.0185
48 49 0.0228
48 292 0.0178
48 293 0.0182
49 50 0.0187
49 99 0.018
49 119 0.0176
49 120 0.0184
49 292 0.0177
49 293 0.018
58 59 0.02
58 60 0.0197
58 71 0.0184
58 74 0.0182
58 75 0.019
58 83 0.0181
58 84 0.0189
59 60 0.0331
59 61 0.0211
59 62 0.0232
59 63 0.0189
59 64 0.0207
59 65 0.021
59 66 0.0192
59 67 0.0229
59 68 0.0229
59 69 0.0199
59 70 0.0218
59 71 0.0242
59 72 0.0222
59 73 0.0207
59 74 0.0236
59 75 0.0246
59 76 0.0224
59 77 0.0212
59 78 0.0184
59 79 0.0181
59 80 0.0181
59 81 0.0187
59 82 0.0206
59 83 0.0217
59 84 0.0216
59 85 0.018
59 96 0.018
59 99 0.0187
59 133 0.0176
59 139 0.0184
59 141 0.0178
59 287 0.0185
59 288 0.0182
59 293 0.0177
59 294 0.0176
59 305 0.0184
59 306 0.019
60 61 0.0269
60 62 0.0285
60 63 0.0222
60 64 0.0239
60 65 0.0237
60 66 0.0219
60 67 0.026
60 68 0.0263
60 69 0.0224
60 70 0.0248
60 71 0.0278
60 72 0.0253
60 73 0.0234
60 74 0.0271
60 75 0.0281
60 76 0.0251
60 77 0.0238
60 78 0.0204
60 79 0.0196
60 80 0.0195
60 81 0.0209
60 82 0.0241
60 83 0.024
60 84 0.0225
60 85 0.0185
60 96 0.019
60 97 0.0177
60 99 0.0197
60 133 0.0195
60 134 0.018
60 137 0.0179
60 138 0.0188
60 139 0.0202
60 140 0.0182
60 141 0.0196
60 142 0.0185
60 251 0.0178
60 252 0.0179
60 286 0.0182
60 287 0.0204
60 288 0.02
60 289 0.0182
60 290 0.0185
60 292 0.0191
60 293 0.0193
60 294 0.0192
60 295 0.0178
60 296 0.018
60 304 0.019
60 305 0.0203
60 306 0.021
60 307 0.0188
61 62 0.03
61 63 0.023
61 64 0.0247
61 65 0.0253
61 66 0.023
61 67 0.0274
61 68 0.027
61 69 0.0233
61 70 0.0255
61 71 0.0281
61 72 0.0258
61 73 0.0239
61 74 0.0274
61 75 0.0284
61 76 0.0256
61 77 0.0243
61 78 0.0211
61 79 0.0207
61 80 0.0207
61 81 0.0216
61 82 0.0254
61 83 0.0256
61 84 0.0234
61 85 0.0186
61 96 0.0185
61 99 0.0192
61 132 0.0179
61 133 0.0207
61 134 0.0189
61 137 0.0179
61 138 0.019
61 139 0.0204
61 140 0.0186
61 141 0.02
61 142 0.0189
61 249 0.0176
61 251 0.0189
61 252 0.019
61 286 0.0194
61 287 0.0217
61 288 0.0213
61 289 0.0194
61 290 0.0198
61 291 0.0188
61 292 0.0204
61 293 0.0206
61 294 0.0205
61 295 0.0189
61 296 0.0192
61 304 0.0202
61 305 0.0215
61 306 0.0223
61 307 0.02
61 308 0.0177
62 63 0.0283
62 64 0.0294
62 65 0.0297
62 66 0.0275
62 67 0.0324
62 68 0.032
62 69 0.0266
62 70 0.0294
62 71 0.0328
62 72 0.0293
62 73 0.0267
62 74 0.0313
62 75 0.0322
62 76 0.0282
62 77 0.0267
62 78 0.0231
62 79 0.0225
62 80 0.0224
62 81 0.024
62 82 0.0298
62 83 0.0296
62 84 0.0256
62 85 0.0197
62 93 0.0177
62 96 0.0203
62 97 0.0189
62 99 0.0211
62 100 0.0184
62 130 0.0179
62 131 0.0199
62 132 0.0203
62 133 0.0246
62 134 0.0223
62 137 0.0207
62 138 0.0217
62 139 0.0233
62 140 0.0214
62 141 0.0231
62 142 0.0218
62 144 0.0181
62 145 0.0194
62 247 0.0181
62 248 0.0177
62 249 0.0195
62 250 0.0182
62 251 0.0209
62 252 0.0211
62 253 0.018
62 257 0.0177
62 258 0.0182
62 285 0.0189
62 286 0.0217
62 287 0.0243
62 288 0.0239
62 289 0.0218
62 290 0.0223
62 291 0.0213
62 292 0.0231
62 293 0.0234
62 294 0.0232
62 295 0.0213
62 296 0.0215
62 297 0.0193
62 298 0.0191
62 299 0.0192
62 302 0.0183
62 303 0.0192
62 304 0.0224
62 305 0.0239
62 306 0.0249
62 307 0.0223
62 308 0.0197
63 64 0.0278
63 65 0.0282
63 66 0.0257
63 67 0.0307
63 68 0.0303
63 69 0.0246
63 70 0.0271
63 71 0.0299
63 72 0.0261
63 73 0.0231
63 74 0.0271
63 75 0.0271
63 76 0.0229
63 77 0.0221
63 78 0.0197
63 79 0.0206
63 80 0.0209
63 81 0.0199
63 82 0.0215
63 83 0.0213
63 84 0.0203
63 99 0.0176
63 131 0.0188
63 132 0.019
63 133 0.0224
63 134 0.0201
63 137 0.0184
63 138 0.0185
63 139 0.0201
63 140 0.0182
63 141 0.0201
63 142 0.0193
63 249 0.0179
63 251 0.0194
63 252 0.0197
63 285 0.0177
63 286 0.0203
63 287 0.0228
63 288 0.0224
63 289 0.0204
63 290 0.0208
63 291 0.0196
63 292 0.0213
63 293 0.0214
63 294 0.0214
63 295 0.0198
63 296 0.0201
63 297 0.018
63 298 0.0178
63 299 0.0179
63 303 0.0179
63 304 0.0209
63 305 0.0223
63 306 0.0233
63 307 0.0209
63 308 0.0184
64 65 0.0309
64 66 0.0288
64 67 0.0335
64 68 0.0321
64 69 0.0278
64 70 0.0302
64 71 0.0327
64 72 0.029
64 73 0.0264
64 74 0.031
64 75 0.0311
64 76 0.0268
64 77 0.025
64 78 0.0212
64 79 0.0228
64 80 0.023
64 81 0.0213
64 82 0.0223
64 83 0.0208
64 84 0.0221
64 85 0.0189
64 130 0.0178
64 131 0.02
64 132 0.0205
64 133 0.0238
64 134 0.021
64 137 0.0192
64 138 0.0188
64 139 0.0203
64 140 0.0184
64 141 0.0206
64 142 0.0201
64 145 0.0185
64 249 0.0193
64 250 0.0182
64 251 0.0211
64 252 0.0214
64 253 0.0183
64 285 0.0192
64 286 0.0221
64 287 0.0248
64 288 0.0244
64 289 0.0222
64 290 0.0226
64 291 0.0213
64 292 0.0231
64 293 0.0231
64 294 0.0232
64 295 0.0215
64 296 0.0218
64 297 0.0196
64 298 0.0193
64 299 0.0195
64 302 0.0183
64 303 0.0194
64 304 0.0227
64 305 0.0242
64 306 0.0253
64 307 0.0227
64 308 0.02
65 66 0.0306
65 67 0.0365
65 68 0.0334
65 69 0.0286
65 70 0.031
65 71 0.0324
65 72 0.0275
65 73 0.0246
65 74 0.0292
65 75 0.0274
65 76 0.0226
65 77 0.0209
65 78 0.0187
65 79 0.0221
65 80 0.0231
65 81 0.0204
65 82 0.0221
65 83 0.0212
65 84 0.0225
65 85 0.0193
65 130 0.0183
65 131 0.02
65 132 0.0214
65 133 0.0251
65 134 0.0227
65 136 0.0176
65 137 0.0209
65 138 0.0202
65 139 0.0217
65 140 0.0194
65 141 0.0219
65 142 0.0215
65 144 0.0176
65 145 0.0197
65 249 0.0189
65 250 0.018
65 251 0.021
65 252 0.0215
65 253 0.0183
65 285 0.0194
65 286 0.0224
65 287 0.0251
65 288 0.0247
65 289 0.0224
65 290 0.0229
65 291 0.0216
65 292 0.0235
65 293 0.0235
65 294 0.0237
65 295 0.0219
65 296 0.0221
65 297 0.0198
65 298 0.0194
65 299 0.0195
65 302 0.0181
65 303 0.0193
65 304 0.0227
65 305 0.0242
65 306 0.0255
65 307 0.0229
65 308 0.0202
66 67 0.032
66 68 0.029
66 69 0.0252
66 70 0.0268
66 71 0.0282
66 72 0.0247
66 73 0.0221
66 74 0.0252
66 75 0.0245
66 76 0.0204
66 77 0.0198
66 78 0.0178
66 79 0.0206
66 80 0.0212
66 81 0.0191
66 82 0.0205
66 83 0.0192
66 84 0.0204
66 85 0.0176
66 131 0.0187
66 132 0.0198
66 133 0.023
66 134 0.021
66 137 0.0193
66 138 0.0181
66 139 0.019
66 141 0.019
66 142 0.0193
66 145 0.0176
66 249 0.0178
66 251 0.0199
66 252 0.0203
66 285 0.0183
66 286 0.0211
66 287 0.0236
66 288 0.0233
66 289 0.0212
66 290 0.0215
66 291 0.0201
66 292 0.0218
66 293 0.0217
66 294 0.0219
66 295 0.0204
66 296 0.0208
66 297 0.0186
66 298 0.0183
66 299 0.0184
66 303 0.0182
66 304 0.0215
66 305 0.0229
66 306 0.0241
66 307 0.0216
66 308 0.019
67 68 0.0418
67 69 0.0336
67 70 0.0362
67 71 0.0364
67 72 0.0296
67 73 0.0255
67 74 0.0295
67 75 0.0262
67 76 0.0211
67 77 0.0213
67 78 0.0195
67 79 0.0242
67 80 0.0251
67 81 0.0224
67 82 0.0243
67 83 0.0228
67 84 0.0244
67 85 0.0208
67 130 0.0197
67 131 0.0217
67 132 0.0228
67 133 0.0268
67 134 0.0236
67 135 0.0187
67 136 0.0191
67 137 0.0217
67 138 0.0203
67 139 0.0214
67 140 0.0184
67 141 0.0218
67 142 0.0221
67 145 0.0208
67 146 0.0181
67 248 0.0178
67 249 0.0204
67 250 0.0196
67 251 0.0229
67 252 0.0235
67 253 0.02
67 254 0.019
67 284 0.0186
67 285 0.0213
67 286 0.0245
67 287 0.0275
67 288 0.0271
67 289 0.0246
67 290 0.0251
67 291 0.0235
67 292 0.0255
67 293 0.0254
67 294 0.0257
67 295 0.0239
67 296 0.0243
67 297 0.0217
67 298 0.0213
67 299 0.0214
67 300 0.0187
67 302 0.0196
67 303 0.021
67 304 0.0248
67 305 0.0265
67 306 0.028
67 307 0.0251
67 308 0.022
67 309 0.0187
67 341 0.0178
67 343 0.0185
68 69 0.0396
68 70 0.0446
68 71 0.048
68 72 0.0389
68 73 0.0336
68 74 0.0434
68 75 0.0404
68 76 0.031
68 77 0.0287
68 78 0.0241
68 79 0.0259
68 80 0.026
68 81 0.0247
68 82 0.0264
68 83 0.025
68 84 0.0262
68 85 0.0217
68 110 0.0179
68 113 0.0178
68 130 0.0193
68 131 0.0217
68 132 0.0222
68 133 0.0256
68 134 0.0219
68 135 0.0179
68 136 0.0186
68 137 0.0202
68 138 0.0189
68 139 0.0195
68 141 0.02
68 142 0.0204
68 145 0.0195
68 247 0.019
68 248 0.0196
68 249 0.0221
68 250 0.021
68 251 0.0244
68 252 0.0248
68 253 0.0211
68 254 0.02
68 255 0.0181
68 257 0.0184
68 258 0.0176
68 284 0.0195
68 285 0.0223
68 286 0.0256
68 287 0.0288
68 288 0.0282
68 289 0.0257
68 290 0.0261
68 291 0.0245
68 292 0.0265
68 293 0.0263
68 294 0.0267
68 295 0.0248
68 296 0.0254
68 297 0.0227
68 298 0.0225
68 299 0.0228
68 300 0.0201
68 301 0.0181
68 302 0.0212
68 303 0.0225
68 304 0.0264
68 305 0.0281
68 306 0.0294
68 307 0.0264
68 308 0.0232
68 309 0.0197
68 310 0.0183
68 341 0.0186
68 342 0.0179
68 343 0.0192
69 70 0.0409
69 71 0.0417
69 72 0.0357
69 73 0.0322
69 74 0.0401
69 75 0.0395
69 76 0.0319
69 77 0.0295
69 78 0.0237
69 79 0.0244
69 80 0.0244
69 81 0.0232
69 82 0.0243
69 83 0.0229
69 84 0.0235
69 85 0.0197
69 131 0.0195
69 132 0.0198
69 133 0.0218
69 134 0.0186
69 247 0.0177
69 248 0.0182
69 249 0.0204
69 250 0.0193
69 251 0.0224
69 252 0.0227
69 253 0.0193
69 254 0.0183
69 285 0.0202
69 286 0.0231
69 287 0.026
69 288 0.0255
69 289 0.0233
69 290 0.0236
69 291 0.0219
69 292 0.0235
69 293 0.0231
69 294 0.0235
69 295 0.0221
69 296 0.0227
69 297 0.0204
69 298 0.0204
69 299 0.0207
69 300 0.0185
69 302 0.0195
69 303 0.0206
69 304 0.0241
69 305 0.0258
69 306 0.0268
69 307 0.024
69 308 0.0212
69 309 0.0179
70 71 0.0583
70 72 0.0472
70 73 0.0428
70 74 0.0578
70 75 0.0567
70 76 0.0439
70 77 0.0383
70 78 0.027
70 79 0.027
70 80 0.0268
70 81 0.0259
70 82 0.0273
70 83 0.0259
70 84 0.0265
70 85 0.0218
70 86 0.0177
70 110 0.0177
70 130 0.0183
70 131 0.0208
70 132 0.0209
70 133 0.0235
70 134 0.0198
70 136 0.0176
70 137 0.0186
70 247 0.0192
70 248 0.0199
70 249 0.0225
70 250 0.0213
70 251 0.0247
70 252 0.025
70 253 0.0213
70 254 0.0201
70 255 0.0182
70 257 0.0185
70 258 0.0176
70 284 0.0192
70 285 0.0222
70 286 0.0254
70 287 0.0287
70 288 0.0281
70 289 0.0256
70 290 0.0259
70 291 0.024
70 292 0.0257
70 293 0.0251
70 294 0.0257
70 295 0.0243
70 296 0.025
70 297 0.0225
70 298 0.0226
70 299 0.0229
70 300 0.0205
70 301 0.0184
70 302 0.0216
70 303 0.0228
70 304 0.0267
70 305 0.0285
70 306 0.0296
70 307 0.0265
70 308 0.0233
70 309 0.0198
70 310 0.0183
70 341 0.0185
70 343 0.0185
71 72 0.0586
71 73 0.0536
71 74 0.0741
71 75 0.0727
71 76 0.0563
71 77 0.0472
71 78 0.0313
71 79 0.0305
71 80 0.0304
71 81 0.0297
71 82 0.0313
71 83 0.0297
71 84 0.0304
71 85 0.0247
71 86 0.0202
71 107 0.0177
71 109 0.0176
71 110 0.0191
71 112 0.0185
71 113 0.0189
71 130 0.0197
71 131 0.0224
71 132 0.022
71 133 0.0249
71 134 0.0206
71 136 0.019
71 137 0.0197
71 138 0.0186
71 142 0.0177
71 244 0.0199
71 245 0.0184
71 246 0.0185
71 247 0.022
71 248 0.0226
71 249 0.0253
71 250 0.0238
71 251 0.0276
71 252 0.0278
71 253 0.0237
71 254 0.0223
71 255 0.0202
71 256 0.0195
71 257 0.0207
71 258 0.0196
71 282 0.0192
71 283 0.0196
71 284 0.0214
71 285 0.0247
71 286 0.0283
71 287 0.0318
71 288 0.0312
71 289 0.0284
71 290 0.0287
71 291 0.0267
71 292 0.0286
71 293 0.0281
71 294 0.0286
71 295 0.027
71 296 0.0278
71 297 0.025
71 298 0.0252
71 299 0.0256
71 300 0.0229
71 301 0.0207
71 302 0.0242
71 303 0.0254
71 304 0.0297
71 305 0.0317
71 306 0.0329
71 307 0.0294
71 308 0.0259
71 309 0.022
71 310 0.0203
71 338 0.0181
71 340 0.019
71 341 0.0205
71 342 0.0192
71 343 0.0206
71 344 0.0182
72 73 0.0518
72 74 0.0668
72 75 0.0707
72 76 0.0606
72 77 0.0489
72 78 0.0315
72 79 0.03
72 80 0.0298
72 81 0.0291
72 82 0.0301
72 83 0.0284
72 84 0.0287
72 85 0.0235
72 86 0.0196
72 107 0.0183
72 110 0.0187
72 112 0.0177
72 113 0.0182
72 130 0.0181
72 131 0.0209
72 132 0.0201
72 133 0.0218
72 244 0.0192
72 245 0.018
72 246 0.0182
72 247 0.0214
72 248 0.0216
72 249 0.024
72 250 0.0225
72 251 0.0259
72 252 0.026
72 253 0.0222
72 254 0.0209
72 255 0.019
72 256 0.0184
72 257 0.0198
72 258 0.0188
72 282 0.0178
72 283 0.0181
72 284 0.0197
72 285 0.0228
72 286 0.0261
72 287 0.0294
72 288 0.0289
72 289 0.0264
72 290 0.0266
72 291 0.0246
72 292 0.0263
72 293 0.0257
72 294 0.0262
72 295 0.0248
72 296 0.0256
72 297 0.023
72 298 0.0232
72 299 0.0236
72 300 0.0213
72 301 0.0194
72 302 0.0227
72 303 0.0238
72 304 0.0277
72 305 0.0296
72 306 0.0306
72 307 0.0273
72 308 0.0241
72 309 0.0204
72 310 0.0189
72 340 0.0179
72 341 0.0191
72 342 0.0178
72 343 0.019
73 74 0.0689
73 75 0.0739
73 76 0.066
73 77 0.0513
73 78 0.0315
73 79 0.0293
73 80 0.0291
73 81 0.0282
73 82 0.0288
73 83 0.0271
73 84 0.0271
73 85 0.0224
73 86 0.019
73 107 0.0185
73 110 0.0183
73 113 0.0176
73 131 0.0197
73 132 0.0187
73 133 0.0199
73 244 0.0183
73 247 0.0204
73 248 0.0207
73 249 0.023
73 250 0.0215
73 251 0.0247
73 252 0.0248
73 253 0.0212
73 254 0.0199
73 255 0.0182
73 257 0.0188
73 258 0.0179
73 284 0.0184
73 285 0.0215
73 286 0.0246
73 287 0.0278
73 288 0.0273
73 289 0.0251
73 290 0.0252
73 291 0.0232
73 292 0.0245
73 293 0.0235
73 294 0.024
73 295 0.023
73 296 0.0238
73 297 0.0214
73 298 0.0218
73 299 0.0222
73 300 0.0202
73 301 0.0185
73 302 0.0217
73 303 0.0226
73 304 0.0263
73 305 0.0283
73 306 0.0291
73 307 0.0259
73 308 0.0229
73 309 0.0194
73 310 0.0178
73 341 0.0182
74 75 0.0984
74 76 0.0823
74 77 0.0631
74 78 0.0367
74 79 0.0329
74 80 0.0329
74 81 0.0323
74 82 0.0332
74 83 0.0314
74 84 0.0315
74 85 0.0255
74 86 0.0216
74 107 0.0202
74 110 0.0195
74 112 0.0183
74 113 0.0188
74 130 0.0187
74 131 0.0215
74 132 0.0202
74 133 0.0225
74 134 0.0183
74 136 0.018
74 137 0.0183
74 138 0.0181
74 243 0.0178
74 244 0.0209
74 245 0.0195
74 246 0.0197
74 247 0.0233
74 248 0.0237
74 249 0.0263
74 250 0.0246
74 251 0.0282
74 252 0.0284
74 253 0.0242
74 254 0.0227
74 255 0.0207
74 256 0.02
74 257 0.0215
74 258 0.0203
74 260 0.0181
74 261 0.0176
74 282 0.0192
74 283 0.0195
74 284 0.0211
74 285 0.0246
74 286 0.0281
74 287 0.0317
74 288 0.0312
74 289 0.0286
74 290 0.0287
74 291 0.0264
74 292 0.0279
74 293 0.0268
74 294 0.0274
74 295 0.0263
74 296 0.0273
74 297 0.0246
74 298 0.025
74 299 0.0255
74 300 0.0232
74 301 0.0213
74 302 0.0249
74 303 0.0259
74 304 0.0302
74 305 0.0323
74 306 0.0333
74 307 0.0296
74 308 0.0262
74 309 0.0221
74 310 0.0203
74 338 0.0182
74 340 0.0196
74 341 0.0207
74 342 0.0189
74 343 0.02
74 344 0.0179
75 76 0.102
75 77 0.0743
75 78 0.0411
75 79 0.0351
75 80 0.0353
75 81 0.0349
75 82 0.0357
75 83 0.0338
75 84 0.0337
75 85 0.0272
75 86 0.0232
75 107 0.0218
75 110 0.0205
75 111 0.0177
75 112 0.0191
75 113 0.0196
75 130 0.0189
75 131 0.0219
75 132 0.0198
75 133 0.0217
75 136 0.0179
75 137 0.0181
75 138 0.019
75 240 0.0184
75 241 0.0182
75 243 0.0189
75 244 0.0223
75 245 0.0211
75 246 0.0213
75 247 0.025
75 248 0.025
75 249 0.0276
75 250 0.0257
75 251 0.0294
75 252 0.0295
75 253 0.0251
75 254 0.0235
75 255 0.0216
75 256 0.021
75 257 0.0228
75 258 0.0218
75 259 0.0185
75 260 0.0197
75 261 0.0197
75 281 0.0181
75 282 0.0198
75 283 0.0202
75 284 0.0217
75 285 0.0254
75 286 0.029
75 287 0.0328
75 288 0.0322
75 289 0.0295
75 290 0.0297
75 291 0.0273
75 292 0.0288
75 293 0.0278
75 294 0.0283
75 295 0.0272
75 296 0.0281
75 297 0.0253
75 298 0.0258
75 299 0.0263
75 300 0.0241
75 301 0.0222
75 302 0.0259
75 303 0.0269
75 304 0.0312
75 305 0.0335
75 306 0.0345
75 307 0.0306
75 308 0.0271
75 309 0.0229
75 310 0.0211
75 338 0.0189
75 340 0.0205
75 341 0.0216
75 342 0.0196
75 343 0.0207
75 344 0.0185
76 77 0.0745
76 78 0.0408
76 79 0.0337
76 80 0.034
76 81 0.0331
76 82 0.0333
76 83 0.0315
76 84 0.0311
76 85 0.0252
76 86 0.022
76 107 0.0216
76 110 0.0196
76 112 0.0178
76 113 0.0185
76 131 0.02
76 132 0.0177
76 133 0.0188
76 244 0.0206
76 245 0.0196
76 246 0.0198
76 247 0.0231
76 248 0.023
76 249 0.0253
76 250 0.0235
76 251 0.0268
76 252 0.0269
76 253 0.0229
76 254 0.0215
76 255 0.0198
76 256 0.0193
76 257 0.0211
76 258 0.0202
76 260 0.0183
76 261 0.0182
76 282 0.0177
76 283 0.018
76 284 0.0194
76 285 0.0228
76 286 0.026
76 287 0.0296
76 288 0.0292
76 289 0.0269
76 290 0.027
76 291 0.0247
76 292 0.0258
76 293 0.0245
76 294 0.0249
76 295 0.0241
76 296 0.025
76 297 0.0224
76 298 0.023
76 299 0.0233
76 300 0.0216
76 301 0.0201
76 302 0.0235
76 303 0.0243
76 304 0.0283
76 305 0.0305
76 306 0.0312
76 307 0.0277
76 308 0.0246
76 309 0.0207
76 310 0.019
76 340 0.019
76 341 0.0198
76 342 0.0179
76 343 0.0185
77 78 0.0375
77 79 0.0319
77 80 0.0321
77 81 0.0314
77 82 0.0317
77 83 0.0299
77 84 0.0295
77 85 0.0239
77 86 0.0208
77 107 0.0204
77 110 0.0187
77 113 0.0179
77 131 0.0193
77 133 0.0178
77 244 0.0192
77 245 0.0184
77 246 0.0186
77 247 0.0216
77 248 0.0214
77 249 0.0235
77 250 0.0219
77 251 0.025
77 252 0.0251
77 253 0.0214
77 254 0.02
77 255 0.0185
77 256 0.0181
77 257 0.0198
77 258 0.0191
77 284 0.0183
77 285 0.0214
77 286 0.0245
77 287 0.0277
77 288 0.0273
77 289 0.0251
77 290 0.0253
77 291 0.0232
77 292 0.0244
77 293 0.0235
77 294 0.0239
77 295 0.0229
77 296 0.0236
77 297 0.0213
77 298 0.0217
77 299 0.022
77 300 0.0202
77 301 0.0187
77 302 0.0219
77 303 0.0227
77 304 0.0264
77 305 0.0284
77 306 0.0292
77 307 0.0259
77 308 0.023
77 309 0.0194
77 310 0.0179
77 340 0.0177
77 341 0.0185
78 79 0.0274
78 80 0.0273
78 81 0.0276
78 82 0.0279
78 83 0.0265
78 84 0.026
78 85 0.021
78 86 0.0185
78 107 0.0179
78 247 0.0183
78 248 0.0182
78 249 0.02
78 250 0.0187
78 251 0.0214
78 252 0.0215
78 253 0.0183
78 285 0.0184
78 286 0.021
78 287 0.0238
78 288 0.0235
78 289 0.0216
78 290 0.0217
78 291 0.0199
78 292 0.0209
78 293 0.0202
78 294 0.0205
78 295 0.0196
78 296 0.0203
78 297 0.0182
78 298 0.0185
78 299 0.0187
78 302 0.0186
78 303 0.0194
78 304 0.0226
78 305 0.0243
78 306 0.025
78 307 0.0222
78 308 0.0197
79 80 0.031
79 81 0.0267
79 82 0.027
79 83 0.0248
79 84 0.025
79 85 0.0204
79 131 0.0184
79 132 0.0178
79 133 0.0187
79 248 0.0176
79 249 0.0195
79 250 0.0183
79 251 0.021
79 252 0.0211
79 253 0.0181
79 285 0.0185
79 286 0.0211
79 287 0.0238
79 288 0.0234
79 289 0.0215
79 290 0.0216
79 291 0.02
79 292 0.0214
79 293 0.0209
79 294 0.0213
79 295 0.0201
79 296 0.0207
79 297 0.0186
79 298 0.0187
79 299 0.0189
79 302 0.0184
79 303 0.0192
79 304 0.0224
79 305 0.024
79 306 0.0248
79 307 0.0221
79 308 0.0196
80 81 0.0265
80 82 0.0267
80 83 0.0246
80 84 0.0251
80 85 0.0204
80 131 0.0184
80 132 0.0182
80 133 0.0195
80 249 0.0192
80 250 0.018
80 251 0.0206
80 252 0.0208
80 253 0.0178
80 285 0.0183
80 286 0.0209
80 287 0.0235
80 288 0.0231
80 289 0.0211
80 290 0.0214
80 291 0.0199
80 292 0.0214
80 293 0.0213
80 294 0.0215
80 295 0.0201
80 296 0.0205
80 297 0.0185
80 298 0.0185
80 299 0.0187
80 302 0.0181
80 303 0.0189
80 304 0.022
80 305 0.0236
80 306 0.0244
80 307 0.0218
80 308 0.0193
81 82 0.0286
81 83 0.0271
81 84 0.0264
81 85 0.0214
81 86 0.0189
81 247 0.018
81 248 0.0177
81 249 0.0194
81 250 0.0181
81 251 0.0206
81 252 0.0208
81 253 0.0177
81 285 0.018
81 286 0.0205
81 287 0.0231
81 288 0.0227
81 289 0.0209
81 290 0.0211
81 291 0.0195
81 292 0.0208
81 293 0.0206
81 294 0.0208
81 295 0.0195
81 296 0.02
81 297 0.018
81 298 0.0181
81 299 0.0183
81 302 0.018
81 303 0.0188
81 304 0.0218
81 305 0.0235
81 306 0.0241
81 307 0.0215
81 308 0.0191
82 83 0.0322
82 84 0.0306
82 85 0.0236
82 86 0.0213
82 88 0.0176
82 96 0.0186
82 99 0.0193
82 107 0.0176
82 131 0.018
82 133 0.0183
82 138 0.0182
82 139 0.0186
82 141 0.0181
82 247 0.0188
82 248 0.0183
82 249 0.02
82 250 0.0186
82 251 0.0212
82 252 0.0213
82 253 0.0182
82 257 0.0181
82 258 0.0182
82 285 0.0185
82 286 0.0211
82 287 0.0237
82 288 0.0233
82 289 0.0215
82 290 0.0217
82 291 0.0203
82 292 0.022
82 293 0.0222
82 294 0.0221
82 295 0.0204
82 296 0.0208
82 297 0.0187
82 298 0.0187
82 299 0.019
82 302 0.0186
82 303 0.0193
82 304 0.0224
82 305 0.0241
82 306 0.0247
82 307 0.0221
82 308 0.0196
83 84 0.0395
83 85 0.0268
83 86 0.0237
83 87 0.0181
83 88 0.0202
83 89 0.019
83 92 0.0187
83 93 0.018
83 96 0.0203
83 97 0.0181
83 99 0.021
83 100 0.0188
83 106 0.0182
83 133 0.0178
83 138 0.0193
83 139 0.0196
83 140 0.0182
83 141 0.0186
83 247 0.0191
83 248 0.0184
83 249 0.0201
83 250 0.0187
83 251 0.0213
83 252 0.0214
83 253 0.0183
83 257 0.0189
83 258 0.0191
83 261 0.0179
83 285 0.0182
83 286 0.0207
83 287 0.0234
83 288 0.0232
83 289 0.0215
83 290 0.0217
83 291 0.0201
83 292 0.0217
83 293 0.0222
83 294 0.0218
83 295 0.02
83 296 0.0203
83 297 0.0183
83 298 0.0183
83 299 0.0186
83 302 0.0184
83 303 0.0191
83 304 0.0221
83 305 0.024
83 306 0.0245
83 307 0.0218
83 308 0.0194
84 85 0.0281
84 86 0.024
84 87 0.0185
84 88 0.021
84 89 0.0202
84 92 0.0199
84 93 0.0197
84 95 0.0188
84 96 0.0222
84 97 0.0202
84 98 0.0187
84 99 0.023
84 100 0.0204
84 101 0.0178
84 106 0.0177
84 133 0.0189
84 138 0.0199
84 139 0.0208
84 140 0.0191
84 141 0.02
84 142 0.0183
84 247 0.0182
84 249 0.0192
84 250 0.0178
84 251 0.0203
84 252 0.0204
84 257 0.0183
84 258 0.0187
84 285 0.0178
84 286 0.0203
84 287 0.0226
84 288 0.0223
84 289 0.0206
84 290 0.0214
84 291 0.0208
84 292 0.0224
84 293 0.0229
84 294 0.0223
84 295 0.0202
84 296 0.0202
84 297 0.0182
84 298 0.018
84 299 0.0182
84 302 0.0177
84 303 0.0184
84 304 0.0213
84 305 0.0229
84 306 0.0235
84 307 0.021
84 308 0.0187
85 86 0.0217
85 88 0.0179
85 89 0.0182
85 96 0.019
85 99 0.0196
85 139 0.0176
85 252 0.0176
85 287 0.0195
85 288 0.0192
85 289 0.0178
85 290 0.018
85 292 0.0185
85 293 0.0189
85 294 0.0186
85 304 0.0184
85 305 0.0198
85 306 0.0203
85 307 0.0181
86 99 0.0179
86 287 0.0182
86 288 0.0183
86 305 0.0187
86 306 0.0192
88 89 0.0192
88 92 0.018
88 96 0.0185
88 99 0.0186
88 288 0.018
88 306 0.0181
89 90 0.0177
89 91 0.0178
89 92 0.0219
89 93 0.0203
89 95 0.0195
89 96 0.0227
89 97 0.0196
89 98 0.0184
89 99 0.023
89 100 0.0207
89 101 0.0184
89 287 0.0182
89 288 0.0191
89 289 0.018
89 290 0.0188
89 291 0.018
89 292 0.0185
89 293 0.0183
89 306 0.0186
90 91 0.0178
90 92 0.0203
90 93 0.0187
90 96 0.0208
90 97 0.0179
90 99 0.0205
90 100 0.0181
91 92 0.0184
91 96 0.0181
91 99 0.0181
92 93 0.0231
92 94 0.0186
92 95 0.0216
92 96 0.0256
92 97 0.0209
92 98 0.02
92 99 0.0251
92 100 0.0224
92 101 0.0202
92 287 0.0184
92 288 0.0193
92 289 0.0181
92 290 0.019
92 291 0.0183
92 292 0.0188
92 293 0.0186
92 306 0.0186
93 94 0.0196
93 95 0.0224
93 96 0.0266
93 97 0.0227
93 98 0.0207
93 99 0.026
93 100 0.0236
93 101 0.0216
93 287 0.018
93 288 0.0187
93 290 0.0184
93 291 0.0179
93 292 0.0187
93 293 0.0188
93 306 0.0179
94 95 0.0191
94 96 0.0218
94 97 0.0193
94 98 0.0178
94 99 0.0212
94 100 0.0192
94 101 0.0177
95 96 0.0262
95 97 0.0217
95 98 0.02
95 99 0.0252
95 100 0.0235
95 101 0.0216
95 287 0.0176
95 288 0.0183
95 290 0.018
95 292 0.0182
95 293 0.0181
95 306 0.0176
96 97 0.027
96 98 0.0249
96 99 0.0314
96 100 0.0277
96 101 0.0253
96 102 0.02
96 119 0.0202
96 120 0.0203
96 121 0.0201
96 122 0.0177
96 138 0.0191
96 139 0.0199
96 140 0.0181
96 141 0.0186
96 252 0.0179
96 286 0.0181
96 287 0.0205
96 288 0.0212
96 289 0.0197
96 290 0.0208
96 291 0.0203
96 292 0.0213
96 293 0.0215
96 294 0.0198
96 295 0.018
96 305 0.0186
96 306 0.0203
96 307 0.0179
97 98 0.026
97 99 0.0287
97 100 0.0258
97 101 0.0232
97 119 0.0193
97 120 0.0192
97 121 0.019
97 138 0.0177
97 139 0.0186
97 141 0.0176
97 287 0.0184
97 288 0.0189
97 290 0.0185
97 291 0.0181
97 292 0.0193
97 293 0.0196
97 294 0.0183
97 306 0.0182
98 99 0.0264
98 100 0.0237
98 101 0.021
98 119 0.018
98 120 0.0179
98 121 0.0177
98 288 0.0179
98 292 0.0181
98 293 0.0184
99 100 0.0305
99 101 0.0275
99 102 0.0198
99 117 0.0187
99 118 0.0179
99 119 0.022
99 120 0.0219
99 121 0.0216
99 122 0.0192
99 138 0.0199
99 139 0.0208
99 140 0.0188
99 141 0.0194
99 252 0.0185
99 286 0.0188
99 287 0.0213
99 288 0.022
99 289 0.0203
99 290 0.0215
99 291 0.0209
99 292 0.0221
99 293 0.0223
99 294 0.0207
99 295 0.0188
99 305 0.0193
99 306 0.021
99 307 0.0186
99 342 0.0178
100 101 0.0301
100 102 0.02
100 119 0.0194
100 120 0.0194
100 121 0.0192
100 139 0.0181
100 287 0.0195
100 288 0.0202
100 289 0.0188
100 290 0.0198
100 291 0.0192
100 292 0.0201
100 293 0.0201
100 294 0.0184
100 305 0.018
100 306 0.0195
101 102 0.0212
101 287 0.0183
101 288 0.019
101 289 0.0178
101 290 0.0186
101 291 0.0179
101 292 0.0185
101 293 0.0182
101 306 0.0185
105 106 0.0182
106 287 0.0182
106 288 0.0182
106 305 0.0187
106 306 0.0192
107 287 0.0183
107 288 0.0182
107 305 0.0187
107 306 0.0192
109 306 0.0182
110 287 0.0192
110 288 0.019
110 304 0.0181
110 305 0.0195
110 306 0.0201
110 307 0.0179
111 113 0.019
111 305 0.0177
111 306 0.0182
112 113 0.0225
112 117 0.0176
112 287 0.0181
112 288 0.0179
112 305 0.0185
112 306 0.0191
113 114 0.0254
113 116 0.0249
113 117 0.0248
113 251 0.0178
113 252 0.0179
113 287 0.0197
113 288 0.0196
113 289 0.0182
113 290 0.0183
113 304 0.0187
113 305 0.0203
113 306 0.0209
113 307 0.0184
114 116 0.023
114 117 0.0252
114 287 0.018
114 288 0.018
114 305 0.0185
114 306 0.019
115 116 0.0181
116 117 0.0313
116 118 0.0214
116 119 0.0208
116 120 0.0191
116 305 0.0182
116 306 0.0186
117 118 0.0266
117 119 0.0235
117 120 0.0209
117 121 0.0198
117 122 0.0182
117 287 0.0188
117 288 0.019
117 289 0.0177
117 290 0.018
117 305 0.0194
117 306 0.0199
118 119 0.0236
118 120 0.0191
118 121 0.0184
119 120 0.0251
119 121 0.0241
119 122 0.0217
119 288 0.0176
119 306 0.0179
120 121 0.0331
120 122 0.021
121 122 0.0207
131 287 0.0193
131 288 0.019
131 290 0.0176
131 304 0.018
131 305 0.0192
131 306 0.02
131 307 0.0178
132 133 0.0191
132 134 0.0178
132 287 0.0196
132 288 0.0193
132 290 0.0178
132 292 0.018
132 293 0.0179
132 294 0.018
132 304 0.0179
132 305 0.0191
132 306 0.02
132 307 0.0179
133 134 0.0223
133 137 0.0206
133 138 0.0198
133 139 0.0218
133 140 0.0195
133 141 0.0213
133 142 0.0205
133 145 0.0177
133 251 0.0177
133 252 0.0181
133 286 0.0189
133 287 0.0212
133 288 0.0209
133 289 0.019
133 290 0.0194
133 291 0.0184
133 292 0.02
133 293 0.0201
133 294 0.0201
133 295 0.0185
133 296 0.0186
133 304 0.019
133 305 0.0203
133 306 0.0214
133 307 0.0192
134 135 0.0185
134 137 0.0213
134 138 0.0196
134 139 0.0217
134 140 0.0194
134 141 0.0209
134 142 0.0202
134 287 0.0194
134 288 0.0193
134 290 0.018
134 292 0.0185
134 293 0.0186
134 294 0.0186
134 305 0.0183
134 306 0.0195
136 137 0.0248
136 138 0.0257
136 139 0.0263
136 140 0.0198
136 141 0.021
136 142 0.0195
137 138 0.0328
137 139 0.0389
137 140 0.0334
137 141 0.0306
137 142 0.0271
137 143 0.0208
137 144 0.0215
137 145 0.0191
137 287 0.0193
137 288 0.0193
137 290 0.0181
137 292 0.0189
137 293 0.0191
137 294 0.0187
137 305 0.0179
137 306 0.0192
138 139 0.0431
138 140 0.0419
138 141 0.0384
138 142 0.0291
138 143 0.0247
138 144 0.0258
138 145 0.0233
138 148 0.0181
138 286 0.0182
138 287 0.0205
138 288 0.0207
138 289 0.0188
138 290 0.0197
138 291 0.0189
138 292 0.0205
138 293 0.0208
138 294 0.0201
138 295 0.0181
138 296 0.0176
138 305 0.0186
138 306 0.0203
138 307 0.0181
139 140 0.0426
139 141 0.0386
139 142 0.0315
139 143 0.0248
139 144 0.026
139 145 0.024
139 148 0.0189
139 252 0.0187
139 258 0.0181
139 286 0.0198
139 287 0.0222
139 288 0.0224
139 289 0.0204
139 290 0.0212
139 291 0.0204
139 292 0.0221
139 293 0.0225
139 294 0.0218
139 295 0.0196
139 296 0.0191
139 304 0.0182
139 305 0.02
139 306 0.0219
139 307 0.0196
140 141 0.0377
140 142 0.0281
140 143 0.0239
140 144 0.0252
140 145 0.022
140 286 0.018
140 287 0.0203
140 288 0.0205
140 289 0.0186
140 290 0.0194
140 291 0.0187
140 292 0.0202
140 293 0.0205
140 294 0.0199
140 295 0.0179
140 305 0.0182
140 306 0.02
140 307 0.0178
141 142 0.0328
141 143 0.0234
141 144 0.0243
141 145 0.0237
141 148 0.0186
141 252 0.0187
141 286 0.0199
141 287 0.0224
141 288 0.0225
141 289 0.0204
141 290 0.0212
141 291 0.0203
141 292 0.0221
141 293 0.0224
141 294 0.022
141 295 0.0198
141 296 0.0194
141 304 0.0184
141 305 0.0201
141 306 0.022
141 307 0.0197
142 143 0.021
142 144 0.0217
142 145 0.0221
142 286 0.0187
142 287 0.021
142 288 0.021
142 289 0.0191
142 290 0.0198
142 291 0.0188
142 292 0.0205
142 293 0.0207
142 294 0.0205
142 295 0.0186
142 296 0.0183
142 304 0.0177
142 305 0.0192
142 306 0.0208
142 307 0.0187
143 144 0.0207
143 145 0.0194
144 145 0.0196
144 287 0.0179
144 288 0.0179
144 306 0.0177
145 287 0.0197
145 288 0.0195
145 289 0.0177
145 290 0.0182
145 292 0.0187
145 293 0.0188
145 294 0.0188
145 305 0.0182
145 306 0.0196
177 180 0.0181
199 200 0.0184
199 201 0.0185
200 201 0.0212
201 203 0.0186
202 203 0.0179
213 258 0.0177
213 305 0.0177
213 306 0.0179
214 256 0.0186
214 257 0.0194
214 258 0.0215
215 258 0.0179
216 257 0.0178
216 258 0.0181
237 306 0.0177
240 247 0.0176
240 251 0.0176
240 252 0.0179
240 305 0.0186
240 306 0.0188
241 244 0.0182
241 245 0.0185
241 246 0.0177
241 247 0.0199
241 252 0.0178
241 258 0.0186
243 244 0.0182
243 247 0.0197
243 251 0.018
243 252 0.0185
243 305 0.0185
243 306 0.0186
244 245 0.0231
244 246 0.023
244 247 0.0262
244 248 0.0211
244 249 0.0218
244 250 0.0196
244 251 0.0226
244 252 0.0232
244 253 0.0192
244 254 0.0183
244 256 0.0176
244 257 0.0193
244 258 0.0203
244 287 0.0199
244 288 0.0211
244 289 0.02
244 290 0.0197
244 304 0.0192
244 305 0.023
244 306 0.0232
244 307 0.0193
244 308 0.0178
245 246 0.0267
245 247 0.0273
245 248 0.0202
245 249 0.0198
245 250 0.0176
245 251 0.0203
245 252 0.0211
245 256 0.0184
245 257 0.02
245 258 0.0217
245 259 0.0185
245 260 0.0186
245 261 0.0202
245 287 0.0183
245 288 0.0199
245 289 0.019
245 290 0.0191
245 305 0.0201
245 306 0.0208
246 247 0.028
246 248 0.0206
246 249 0.0208
246 250 0.0184
246 251 0.0217
246 252 0.0223
246 253 0.0179
246 257 0.0192
246 258 0.0209
246 259 0.0177
246 260 0.0178
246 261 0.0194
246 287 0.0195
246 288 0.0207
246 289 0.0195
246 290 0.0196
246 304 0.0178
246 305 0.0219
246 306 0.0225
246 307 0.0186
247 248 0.026
247 249 0.0261
247 250 0.0231
247 251 0.0274
247 252 0.0281
247 253 0.0225
247 254 0.0209
247 255 0.0196
247 256 0.0196
247 257 0.0212
247 258 0.0224
247 259 0.0185
247 260 0.0189
247 261 0.0194
247 286 0.02
247 287 0.024
247 288 0.0253
247 289 0.0238
247 290 0.0236
247 291 0.0209
247 292 0.0198
247 293 0.0177
247 302 0.0194
247 303 0.0192
247 304 0.0223
247 305 0.0273
247 306 0.0277
247 307 0.0231
247 308 0.0209
247 341 0.0177
248 249 0.0287
248 250 0.0257
248 251 0.029
248 252 0.0295
248 253 0.0234
248 254 0.0213
248 255 0.0191
248 257 0.0179
248 258 0.0176
248 285 0.018
248 286 0.0213
248 287 0.0254
248 288 0.0263
248 289 0.0246
248 290 0.0241
248 291 0.021
248 292 0.0201
248 293 0.0176
248 300 0.0178
248 301 0.0182
248 302 0.0221
248 303 0.0221
248 304 0.025
248 305 0.03
248 306 0.03
248 307 0.025
248 308 0.0222
249 250 0.0295
249 251 0.033
249 252 0.0338
249 253 0.0272
249 254 0.0249
249 255 0.022
249 256 0.0191
249 257 0.019
249 258 0.0177
249 285 0.0208
249 286 0.0244
249 287 0.029
249 288 0.03
249 289 0.028
249 290 0.0274
249 291 0.0238
249 292 0.0227
249 293 0.0197
249 294 0.0179
249 295 0.0191
249 296 0.0197
249 298 0.0197
249 299 0.0204
249 300 0.0209
249 301 0.0208
249 302 0.0255
249 303 0.0257
249 304 0.0292
249 305 0.0345
249 306 0.0344
249 307 0.0286
249 308 0.0256
249 309 0.0199
249 310 0.0181
249 340 0.0191
249 341 0.0197
249 342 0.0181
250 251 0.0313
250 252 0.032
250 253 0.0256
250 254 0.0233
250 255 0.0201
250 285 0.0196
250 286 0.0229
250 287 0.0271
250 288 0.0279
250 289 0.026
250 290 0.0253
250 291 0.0219
250 292 0.0209
250 293 0.0179
250 295 0.0177
250 296 0.0188
250 298 0.0191
250 299 0.0196
250 300 0.0194
250 301 0.019
250 302 0.0232
250 303 0.0242
250 304 0.0271
250 305 0.0322
250 306 0.0316
250 307 0.0267
250 308 0.0239
250 309 0.0187
250 340 0.0177
250 341 0.0183
251 252 0.038
251 253 0.0303
251 254 0.0282
251 255 0.024
251 256 0.02
251 257 0.0194
251 284 0.018
251 285 0.0235
251 286 0.0273
251 287 0.0323
251 288 0.0331
251 289 0.0309
251 290 0.03
251 291 0.0259
251 292 0.0247
251 293 0.021
251 294 0.0196
251 295 0.0216
251 296 0.0234
251 297 0.0206
251 298 0.0231
251 299 0.0237
251 300 0.0228
251 301 0.022
251 302 0.0268
251 303 0.0279
251 304 0.0327
251 305 0.0385
251 306 0.0382
251 307 0.032
251 308 0.0286
251 309 0.0223
251 310 0.0202
251 338 0.0177
251 340 0.0208
251 341 0.0215
251 342 0.0197
251 343 0.0178
252 253 0.0307
252 254 0.029
252 255 0.0247
252 256 0.0205
252 257 0.0201
252 258 0.0181
252 284 0.0187
252 285 0.024
252 286 0.0278
252 287 0.0328
252 288 0.0336
252 289 0.0315
252 290 0.0305
252 291 0.0263
252 292 0.0247
252 293 0.0208
252 294 0.0215
252 295 0.0227
252 296 0.0247
252 297 0.0218
252 298 0.0239
252 299 0.0244
252 300 0.0231
252 301 0.0221
252 302 0.027
252 303 0.0282
252 304 0.0334
252 305 0.0393
252 306 0.0389
252 307 0.0325
252 308 0.0291
252 309 0.0227
252 310 0.0206
252 338 0.0179
252 340 0.0211
252 341 0.0218
252 342 0.0201
252 343 0.018
253 254 0.0258
253 255 0.0216
253 256 0.0182
253 257 0.018
253 285 0.0204
253 286 0.0231
253 287 0.027
253 288 0.0276
253 289 0.0258
253 290 0.025
253 291 0.0217
253 292 0.0209
253 293 0.0179
253 294 0.0182
253 295 0.0194
253 296 0.0208
253 297 0.0184
253 298 0.0201
253 299 0.0205
253 300 0.0195
253 301 0.0187
253 302 0.0229
253 303 0.024
253 304 0.028
253 305 0.0309
253 306 0.0318
253 307 0.027
253 308 0.0245
253 309 0.0194
253 340 0.0177
253 341 0.0182
254 255 0.0247
254 256 0.0211
254 257 0.0221
254 258 0.0221
254 261 0.0182
254 285 0.0189
254 286 0.0214
254 287 0.025
254 288 0.0254
254 289 0.0239
254 290 0.0227
254 291 0.0194
254 292 0.0188
254 295 0.0181
254 296 0.0196
254 298 0.0188
254 299 0.0191
254 300 0.018
254 302 0.0211
254 303 0.0222
254 304 0.0263
254 305 0.0294
254 306 0.0304
254 307 0.0254
254 308 0.023
254 309 0.0181
255 256 0.024
255 257 0.0242
255 258 0.0227
255 259 0.0179
255 260 0.0183
255 261 0.0191
255 287 0.0204
255 288 0.021
255 289 0.02
255 290 0.0189
255 302 0.0181
255 303 0.0187
255 304 0.0222
255 305 0.0252
255 306 0.0259
255 307 0.0211
255 308 0.0192
256 257 0.03
256 258 0.0313
256 259 0.0239
256 260 0.025
256 261 0.025
256 262 0.0202
256 263 0.0176
256 264 0.02
256 265 0.0202
256 268 0.019
256 272 0.0196
256 304 0.0186
256 305 0.021
256 306 0.0213
256 307 0.0177
257 258 0.0353
257 259 0.0275
257 260 0.0291
257 261 0.029
257 262 0.0235
257 263 0.0206
257 264 0.0234
257 265 0.0241
257 266 0.018
257 267 0.018
257 268 0.0228
257 269 0.0199
257 271 0.0202
257 272 0.0238
257 273 0.0189
257 274 0.02
257 288 0.0182
257 289 0.0179
257 290 0.0184
257 305 0.0199
257 306 0.0199
258 259 0.0322
258 260 0.0343
258 261 0.0325
258 262 0.0259
258 263 0.0234
258 264 0.0263
258 265 0.0263
258 266 0.0195
258 267 0.0196
258 268 0.0247
258 269 0.0213
258 270 0.0177
258 271 0.0215
258 272 0.0254
258 273 0.0203
258 274 0.0211
258 288 0.0187
258 289 0.0182
258 290 0.0194
258 291 0.0188
258 292 0.0192
258 293 0.0197
258 294 0.0178
258 305 0.0176
259 260 0.0314
259 261 0.0309
259 262 0.0246
259 263 0.022
259 264 0.0244
259 265 0.0242
259 268 0.0223
259 269 0.0189
259 271 0.0191
259 272 0.0225
259 273 0.0177
259 274 0.0186
260 261 0.0307
260 262 0.0238
260 263 0.022
260 264 0.0244
260 265 0.0233
260 268 0.0217
260 269 0.0185
260 271 0.0187
260 272 0.0222
260 274 0.0184
261 262 0.0275
261 263 0.0235
261 264 0.0263
261 265 0.0273
261 266 0.0194
261 267 0.0196
261 268 0.0253
261 269 0.0209
261 270 0.0177
261 271 0.0217
261 272 0.0253
261 273 0.0199
261 274 0.0213
262 263 0.0202
262 264 0.0225
262 265 0.0234
262 268 0.0214
262 269 0.0186
262 271 0.0187
262 272 0.0216
262 274 0.0179
263 264 0.0226
263 265 0.02
263 268 0.0184
263 272 0.0187
264 265 0.0217
264 268 0.0201
264 271 0.0176
264 272 0.0205
265 266 0.0182
265 267 0.0181
265 268 0.0238
265 269 0.0199
265 271 0.0207
265 272 0.0234
265 273 0.0186
265 274 0.0197
266 268 0.0185
266 272 0.0185
268 269 0.0192
268 271 0.0208
268 272 0.0225
268 273 0.0185
268 274 0.0194
269 270 0.0176
269 271 0.0205
269 272 0.0223
269 273 0.0191
269 274 0.0189
270 271 0.0179
270 272 0.0185
271 272 0.0212
271 274 0.0191
272 273 0.0225
272 274 0.0232
272 293 0.0178
273 274 0.0229
281 287 0.0177
281 305 0.0182
281 306 0.0187
282 286 0.0187
282 287 0.0208
282 288 0.0205
282 289 0.0189
282 290 0.0193
282 291 0.0181
282 292 0.0194
282 293 0.0188
282 294 0.0187
282 295 0.0182
282 296 0.0185
282 304 0.0187
282 305 0.0194
282 306 0.0205
282 307 0.0189
283 285 0.018
283 286 0.0199
283 287 0.022
283 288 0.0218
283 289 0.0202
283 290 0.0206
283 291 0.0195
283 292 0.0207
283 293 0.02
283 294 0.02
283 295 0.0195
283 296 0.0198
283 297 0.0179
283 298 0.0177
283 299 0.0177
283 304 0.0195
283 305 0.02
283 306 0.0213
283 307 0.0199
283 308 0.0179
284 285 0.021
284 286 0.0234
284 287 0.0257
284 288 0.0255
284 289 0.0237
284 290 0.0245
284 291 0.0233
284 292 0.0248
284 293 0.0246
284 294 0.0244
284 295 0.0235
284 296 0.0235
284 297 0.0211
284 298 0.0203
284 299 0.0203
284 303 0.0182
284 304 0.0215
284 305 0.0217
284 306 0.0235
284 307 0.0224
284 308 0.0202
284 309 0.0179
284 340 0.0177
284 341 0.0189
284 342 0.0178
284 343 0.018
285 286 0.0295
285 287 0.0326
285 288 0.0324
285 289 0.0301
285 290 0.03
285 291 0.0273
285 292 0.0289
285 293 0.0279
285 294 0.0282
285 295 0.0275
285 296 0.0282
285 297 0.0248
285 298 0.0246
285 299 0.0247
285 300 0.021
285 302 0.0214
285 303 0.0233
285 304 0.0282
285 305 0.0288
285 306 0.0308
285 307 0.0291
285 308 0.0264
285 309 0.0215
285 310 0.0201
285 338 0.0182
285 340 0.0205
285 341 0.0217
285 342 0.0201
285 343 0.02
286 287 0.041
286 288 0.041
286 289 0.0383
286 290 0.0377
286 291 0.0332
286 292 0.0341
286 293 0.033
286 294 0.0331
286 295 0.0312
286 296 0.0317
286 297 0.0282
286 298 0.027
286 299 0.0273
286 300 0.0233
286 301 0.0198
286 302 0.0241
286 303 0.026
286 304 0.032
286 305 0.0337
286 306 0.0355
286 307 0.0331
286 308 0.0293
286 309 0.0237
286 310 0.0233
286 311 0.0178
286 338 0.0209
286 339 0.0179
286 340 0.0243
286 341 0.0256
286 342 0.0231
286 343 0.0233
286 344 0.0204
287 288 0.0525
287 289 0.0481
287 290 0.0444
287 291 0.0362
287 292 0.036
287 293 0.0338
287 294 0.0345
287 295 0.0337
287 296 0.0352
287 297 0.0311
287 298 0.03
287 299 0.0303
287 300 0.0262
287 301 0.0228
287 302 0.0279
287 303 0.03
287 304 0.0372
287 305 0.0397
287 306 0.0416
287 307 0.0385
287 308 0.0339
287 309 0.0272
287 310 0.0258
287 311 0.0193
287 314 0.018
287 338 0.0229
287 339 0.02
287 340 0.0269
287 341 0.0279
287 342 0.0246
287 343 0.0239
287 344 0.0217
288 289 0.0489
288 290 0.0447
288 291 0.0361
288 292 0.0377
288 293 0.0377
288 294 0.0369
288 295 0.0345
288 296 0.0353
288 297 0.031
288 298 0.0298
288 299 0.0301
288 300 0.026
288 301 0.0228
288 302 0.0281
288 303 0.03
288 304 0.0374
288 305 0.0402
288 306 0.042
288 307 0.0385
288 308 0.0342
288 309 0.0271
288 310 0.0257
288 311 0.0192
288 314 0.0182
288 338 0.0228
288 339 0.02
288 340 0.0267
288 341 0.0277
288 342 0.0242
288 343 0.0245
288 344 0.0219
289 290 0.042
289 291 0.0345
289 292 0.0372
289 293 0.038
289 294 0.0365
289 295 0.0326
289 296 0.0328
289 297 0.0288
289 298 0.0276
289 299 0.0278
289 300 0.024
289 301 0.0211
289 302 0.0261
289 303 0.0279
289 304 0.0348
289 305 0.0375
289 306 0.0392
289 307 0.0357
289 308 0.0319
289 309 0.0253
289 310 0.0242
289 311 0.0182
289 338 0.0215
289 339 0.0188
289 340 0.0254
289 341 0.0271
289 342 0.0253
289 343 0.0244
289 344 0.021
290 291 0.0407
290 292 0.0433
290 293 0.0443
290 294 0.0427
290 295 0.0356
290 296 0.0346
290 297 0.0301
290 298 0.0281
290 299 0.0285
290 300 0.0243
290 301 0.0209
290 302 0.0257
290 303 0.0276
290 304 0.0341
290 305 0.0364
290 306 0.038
290 307 0.0349
290 308 0.0304
290 309 0.0244
290 310 0.024
290 311 0.0187
290 313 0.0176
290 314 0.0184
290 338 0.0228
290 339 0.0198
290 340 0.0277
290 341 0.0293
290 342 0.0288
290 343 0.0291
290 344 0.0233
290 345 0.0183
291 292 0.0453
291 293 0.0464
291 294 0.0449
291 295 0.0353
291 296 0.0331
291 297 0.0289
291 298 0.0264
291 299 0.0269
291 300 0.0225
291 301 0.0188
291 302 0.0229
291 303 0.0245
291 304 0.0298
291 305 0.0313
291 306 0.0328
291 307 0.03
291 308 0.0265
291 309 0.0218
291 310 0.0221
291 311 0.0179
291 314 0.0185
291 338 0.0228
291 339 0.0203
291 340 0.0288
291 341 0.0309
291 342 0.0305
291 343 0.0311
291 344 0.0241
291 345 0.0192
291 346 0.0181
292 293 0.0505
292 294 0.0505
292 295 0.0382
292 296 0.0364
292 297 0.032
292 298 0.0287
292 299 0.0294
292 300 0.0243
292 301 0.0196
292 302 0.0233
292 303 0.0249
292 304 0.03
292 305 0.0304
292 306 0.0324
292 307 0.0302
292 308 0.0261
292 309 0.022
292 310 0.0229
292 311 0.0189
292 313 0.0185
292 314 0.0197
292 315 0.0184
292 338 0.0239
292 339 0.0213
292 340 0.0295
292 341 0.0316
292 342 0.0312
292 343 0.0313
292 344 0.025
292 345 0.0199
292 346 0.0185
293 294 0.0526
293 295 0.0401
293 296 0.0368
293 297 0.0317
293 298 0.0283
293 299 0.029
293 300 0.0237
293 301 0.0184
293 302 0.0215
293 303 0.0229
293 304 0.0272
293 305 0.0264
293 306 0.0285
293 307 0.027
293 308 0.0236
293 309 0.0204
293 310 0.0226
293 311 0.0189
293 313 0.0189
293 314 0.0203
293 315 0.0188
293 338 0.0247
293 339 0.0221
293 340 0.0309
293 341 0.0334
293 342 0.0332
293 343 0.0335
293 344 0.0262
293 345 0.0211
293 346 0.0198
294 295 0.0392
294 296 0.0366
294 297 0.0316
294 298 0.0281
294 299 0.0289
294 300 0.0236
294 301 0.0182
294 302 0.0211
294 303 0.0226
294 304 0.0269
294 305 0.0255
294 306 0.0289
294 307 0.0279
294 308 0.0244
294 309 0.0208
294 310 0.0225
294 311 0.0187
294 313 0.0184
294 314 0.0196
294 315 0.0182
294 338 0.0237
294 339 0.021
294 340 0.0294
294 341 0.0315
294 342 0.0312
294 343 0.0313
294 344 0.0248
294 345 0.0198
294 346 0.018
295 296 0.0359
295 297 0.0306
295 298 0.0275
295 299 0.028
295 300 0.0231
295 301 0.0182
295 302 0.0216
295 303 0.0233
295 304 0.0281
295 305 0.0274
295 306 0.0304
295 307 0.0289
295 308 0.0253
295 309 0.0214
295 310 0.0217
295 311 0.0177
295 314 0.0179
295 338 0.0213
295 339 0.0183
295 340 0.0251
295 341 0.0269
295 342 0.0258
295 343 0.0262
295 344 0.0218
296 297 0.0306
296 298 0.0278
296 299 0.0283
296 300 0.0235
296 301 0.0187
296 302 0.0222
296 303 0.0241
296 304 0.0294
296 305 0.0293
296 306 0.0325
296 307 0.0309
296 308 0.027
296 309 0.0226
296 310 0.022
296 311 0.0177
296 338 0.0206
296 339 0.0177
296 340 0.0241
296 341 0.0256
296 342 0.0244
296 343 0.0245
296 344 0.0207
297 298 0.0258
297 299 0.0265
297 300 0.0217
297 302 0.0194
297 303 0.0211
297 304 0.0255
297 305 0.0256
297 306 0.0284
297 307 0.0267
297 308 0.0236
297 309 0.02
297 310 0.0195
297 338 0.0183
297 340 0.021
297 341 0.0224
297 342 0.0213
297 343 0.0215
297 344 0.0184
298 299 0.0299
298 300 0.0239
298 301 0.0182
298 302 0.0213
298 303 0.0231
298 304 0.0272
298 305 0.0282
298 306 0.0304
298 307 0.0275
298 308 0.0244
298 309 0.0203
298 310 0.019
298 340 0.0198
298 341 0.021
298 342 0.0197
298 343 0.0197
299 300 0.0246
299 301 0.0182
299 302 0.0215
299 303 0.0233
299 304 0.0276
299 305 0.0288
299 306 0.0309
299 307 0.0278
299 308 0.0246
299 309 0.0204
299 310 0.019
299 340 0.02
299 341 0.0212
299 342 0.02
299 343 0.02
300 301 0.02
300 302 0.0215
300 303 0.0226
300 304 0.0259
300 305 0.0274
300 306 0.029
300 307 0.025
300 308 0.022
300 309 0.0181
300 341 0.018
301 302 0.0211
301 303 0.0216
301 304 0.0242
301 305 0.0262
301 306 0.0274
301 307 0.0226
301 308 0.0198
302 303 0.0263
302 304 0.0293
302 305 0.0314
302 306 0.033
302 307 0.0276
302 308 0.0243
302 309 0.0195
302 310 0.0176
302 340 0.018
302 341 0.0187
303 304 0.0312
303 305 0.0328
303 306 0.0347
303 307 0.0296
303 308 0.0261
303 309 0.0208
303 310 0.0189
303 340 0.0192
303 341 0.02
303 342 0.0183
304 305 0.0421
304 306 0.0462
304 307 0.0368
304 308 0.0324
304 309 0.0253
304 310 0.0229
304 338 0.0199
304 340 0.0231
304 341 0.0241
304 342 0.0219
304 343 0.0207
304 344 0.0182
305 306 0.0501
305 307 0.0392
305 308 0.0345
305 309 0.0267
305 310 0.0241
305 338 0.0209
305 339 0.0188
305 340 0.0246
305 341 0.0255
305 342 0.0232
305 343 0.0214
305 344 0.0187
306 307 0.0414
306 308 0.0369
306 309 0.0284
306 310 0.0258
306 311 0.0185
306 338 0.0222
306 339 0.0197
306 340 0.0258
306 341 0.0267
306 342 0.0242
306 343 0.0224
306 344 0.0199
307 308 0.0335
307 309 0.0261
307 310 0.0235
307 338 0.0204
307 339 0.0177
307 340 0.0233
307 341 0.0241
307 342 0.0217
307 343 0.0206
307 344 0.0185
308 309 0.0249
308 310 0.0218
308 338 0.0184
308 340 0.0206
308 341 0.0217
308 342 0.0195
308 343 0.0182
309 310 0.0186
309 341 0.018
310 341 0.0179
338 340 0.0218
338 341 0.0203
338 342 0.0207
338 343 0.0192
339 340 0.0215
339 341 0.0199
339 342 0.0204
339 343 0.0179
340 341 0.0273
340 342 0.0282
340 343 0.0269
340 344 0.0189
340 345 0.0181
341 342 0.0304
341 343 0.0291
341 344 0.0206
341 345 0.0177
342 343 0.0299
342 344 0.0201
342 345 0.0181
342 346 0.0177
343 344 0.0204
343 345 0.0176
357 361 0.0187
360 361 0.0269
360 362 0.0236
360 363 0.0192
361 362 0.0286
361 363 0.0198
362 363 0.0221
379 380 0.0206
379 381 0.0189
380 381 0.0194
383 384 0.0197
384 385 0.0187
401 402 0.0211
402 403 0.021
403 404 0.0186
413 414 0.0338
