# Profiles of type EC N=415
### res AA binding	proximity	coord=exp(-sigma^2(d_ij)/D)	dir=<dri*drj/|dri||drj|>/	deformation=dri/dfj
### 0 0 0 1 1 1 1
5	E	0	0.000991	0.239	0.00631	0.00884
6	K	0	0.00199	0.359	0.00362	0.00719
7	K	0	0.00238	0.388	0.00405	0.00679
8	S	0	0.00257	0.395	0.00616	0.00601
9	I	0	0.00237	0.411	0.00123	0.0058
10	N	0	0.00149	0.375	-0.000334	0.00767
11	E	0	0.00146	0.357	-2.4e-05	0.00825
12	C	0	0.00165	0.37	-0.00305	0.00803
13	D	0	0.00133	0.329	-0.0109	0.00993
14	L	0	0.00219	0.375	-0.0126	0.00925
15	K	0	0.00205	0.331	-0.0105	0.0112
16	G	0	0.00181	0.335	-0.00816	0.0112
17	K	0	0.00237	0.381	-0.00859	0.00909
18	K	0	0.00272	0.413	-0.00887	0.00729
19	V	0	0.00312	0.432	-0.00593	0.00542
20	L	0	0.00313	0.446	-0.00362	0.00355
21	I	0	0.00316	0.448	0.00935	0.00248
22	R	0	0.00309	0.454	0.0217	0.00268
23	V	0	0.00286	0.43	0.0202	0.00404
24	D	0	0.00247	0.414	0.0165	0.00594
25	F	0	0.00236	0.413	0.00765	0.00728
26	N	0	0.00214	0.387	0.00878	0.00931
27	V	0	0.00193	0.36	0.00593	0.0105
28	P	0	0.00155	0.308	0.00212	0.0134
29	V	0	0.00182	0.29	-0.00267	0.015
30	K	0	0.00129	0.218	-0.00361	0.0178
31	N	0	0.000996	0.159	-0.00471	0.019
32	G	0	0.00132	0.199	-0.00452	0.0163
33	K	0	0.00146	0.255	-0.00631	0.016
34	I	0	0.00182	0.311	-0.00564	0.014
35	T	0	0.00136	0.275	-0.00266	0.0156
36	N	0	0.00144	0.303	0.00137	0.0118
37	D	0	0.00174	0.357	-0.00145	0.0107
38	Y	0	0.00167	0.361	0.00661	0.00984
39	R	0	0.00208	0.383	0.0102	0.00814
40	I	0	0.00223	0.394	0.00461	0.00758
41	R	0	0.00185	0.378	0.00438	0.00886
42	S	0	0.00183	0.362	0.0124	0.00756
43	A	0	0.00221	0.388	0.0111	0.00584
44	L	0	0.002	0.401	0.00185	0.00721
45	P	0	0.00178	0.388	0.000975	0.00763
46	T	0	0.00235	0.411	0.00662	0.00559
47	L	0	0.00234	0.414	-0.00305	0.00611
48	K	0	0.00206	0.381	-0.00638	0.00832
49	K	1	0.0021	0.392	-0.00597	0.00815
50	V	0	0.00263	0.407	-0.00603	0.00749
51	L	0	0.00249	0.379	-0.00766	0.00911
52	T	1	0.00172	0.34	-0.00763	0.0109
53	E	1	0.00195	0.355	-0.00848	0.0108
54	G	0	0.00232	0.364	-0.00578	0.011
55	G	0	0.00316	0.384	-0.00652	0.00901
56	S	0	0.00312	0.397	-0.00506	0.00778
57	C	0	0.00301	0.42	-0.00215	0.00571
58	V	0	0.00295	0.435	-0.00219	0.00468
59	L	0	0.00295	0.444	0.00887	0.00399
60	M	0	0.00282	0.447	0.0067	0.00423
61	S	0	0.00271	0.433	0.0121	0.00566
62	H	0	0.00251	0.404	0.0132	0.00779
63	L	0	0.0023	0.382	0.0123	0.01
64	G	0	0.00157	0.321	0.0168	0.0125
65	R	0	0.00128	0.306	0.0141	0.0136
66	P	0	0.00172	0.313	0.00928	0.014
67	K	0	0.00139	0.284	0.00612	0.0157
68	G	0	0.00249	0.321	0.00455	0.0139
69	I	0	0.00211	0.334	-0.00262	0.0147
70	P	0	0.00183	0.332	-0.00161	0.0147
71	M	0	0.00181	0.344	-0.00788	0.0133
72	A	0	0.0013	0.282	-0.00514	0.0155
73	Q	0	0.00156	0.287	-0.0118	0.0164
74	A	0	0.00199	0.311	-0.0148	0.0144
75	G	0	0.00149	0.267	-0.0181	0.0158
76	K	0	0.00144	0.246	-0.0191	0.0178
77	I	0	0.00191	0.275	-0.0174	0.0166
78	R	0	0.00187	0.271	-0.019	0.0154
79	S	0	0.00134	0.205	-0.0228	0.0177
80	T	0	0.00124	0.185	-0.021	0.0186
81	G	0	0.0013	0.2	-0.0196	0.0167
82	G	0	0.0015	0.245	-0.0172	0.0158
83	V	0	0.00178	0.311	-0.0142	0.0133
84	P	0	0.00212	0.327	-0.00844	0.0134
85	G	0	0.00229	0.306	0.00103	0.0139
86	F	0	0.00184	0.326	-0.00352	0.0138
87	Q	0	0.00155	0.324	-0.00232	0.0151
88	Q	0	0.00133	0.303	-0.00218	0.0153
89	K	0	0.00143	0.288	0.00346	0.0155
90	A	0	0.00202	0.34	0.00639	0.013
91	T	0	0.00211	0.371	0.00106	0.0116
92	L	0	0.00238	0.395	0.00167	0.00957
93	K	0	0.00199	0.366	-0.00187	0.0104
94	P	0	0.00191	0.354	-0.00216	0.0115
95	V	0	0.00233	0.378	-0.00512	0.00975
96	A	0	0.00248	0.373	-0.00305	0.00913
97	K	0	0.002	0.348	-0.00544	0.0113
98	R	0	0.00203	0.36	-0.0073	0.0113
99	L	0	0.00232	0.383	-0.00861	0.00946
100	S	0	0.00233	0.361	-0.0117	0.0108
101	E	0	0.0017	0.321	-0.0119	0.0128
102	L	0	0.00163	0.334	-0.011	0.0117
103	L	0	0.00168	0.34	-0.0109	0.011
104	L	0	0.00135	0.309	-0.0137	0.0133
105	R	0	0.00142	0.336	-0.0136	0.0121
106	P	0	0.00151	0.32	-0.0115	0.011
107	V	0	0.00219	0.378	-0.00916	0.00924
108	T	0	0.00192	0.384	-0.00524	0.00924
109	F	0	0.00217	0.403	-0.00438	0.00877
110	A	0	0.00224	0.395	-0.0062	0.00848
111	P	0	0.0019	0.36	-0.00647	0.00969
112	D	0	0.00228	0.395	-0.00834	0.00949
113	C	0	0.00252	0.406	-0.00649	0.00768
114	L	0	0.00194	0.395	-0.00411	0.00897
115	N	0	0.00167	0.366	-0.0105	0.00983
116	A	0	0.00196	0.367	-0.0118	0.00876
117	A	0	0.0016	0.333	-0.0125	0.0096
118	D	0	0.00141	0.311	-0.0143	0.0106
119	V	0	0.00166	0.336	-0.014	0.00964
120	V	0	0.00203	0.36	-0.0118	0.00841
121	S	0	0.0015	0.313	-0.0132	0.0103
122	K	0	0.00131	0.301	-0.0148	0.0111
123	M	0	0.00171	0.343	-0.0132	0.00988
124	S	0	0.00154	0.315	-0.0125	0.0112
125	P	0	0.00218	0.321	-0.0121	0.0111
126	G	0	0.00205	0.335	-0.0116	0.0107
127	D	0	0.00217	0.377	-0.00931	0.00937
128	V	0	0.00251	0.398	-0.00733	0.0076
129	V	0	0.00272	0.41	-0.00279	0.00688
130	L	0	0.00283	0.431	-0.00107	0.0063
131	L	0	0.00289	0.429	-0.00625	0.00651
132	E	0	0.0028	0.425	-0.00203	0.00805
133	N	0	0.00282	0.423	0.00506	0.00851
134	V	0	0.00267	0.426	0.00738	0.00793
135	R	0	0.00263	0.409	0.011	0.0101
136	F	0	0.00289	0.398	0.00608	0.0112
137	Y	0	0.00286	0.398	0.00383	0.0112
138	K	0	0.00245	0.371	0.00773	0.0128
139	E	0	0.00265	0.371	0.00911	0.0115
140	E	0	0.00285	0.383	0.0125	0.00936
141	G	0	0.0022	0.338	0.0116	0.0102
142	S	0	0.00207	0.324	0.00758	0.0122
143	K	0	0.00127	0.269	0.00707	0.0132
144	K	0	0.00151	0.266	0.00757	0.0136
145	A	0	0.0017	0.287	0.00845	0.0123
146	K	0	0.00165	0.297	0.00505	0.0131
147	D	0	0.00226	0.337	0.00692	0.0123
148	R	0	0.00314	0.382	0.0102	0.01
149	E	0	0.00256	0.378	0.011	0.0103
150	A	0	0.0021	0.366	0.00934	0.011
151	M	0	0.00261	0.397	0.0077	0.00924
152	A	0	0.00325	0.406	0.00932	0.00781
153	K	0	0.00231	0.386	-0.000847	0.00909
154	I	0	0.00211	0.393	-0.00536	0.00871
155	L	0	0.00254	0.418	-0.00257	0.00658
156	A	0	0.0026	0.399	-0.00547	0.00694
157	S	0	0.00184	0.387	-0.00887	0.00833
158	Y	0	0.00214	0.416	-0.0075	0.00686
159	G	0	0.00244	0.411	-0.0106	0.0065
160	D	0	0.00198	0.405	-0.00926	0.00779
161	V	0	0.00242	0.417	-0.00373	0.00654
162	Y	0	0.00302	0.445	0.00514	0.00454
163	I	0	0.00321	0.446	0.0117	0.00347
164	S	0	0.0032	0.447	0.0262	0.00285
165	D	0	0.00317	0.451	0.0304	0.00363
166	A	0	0.00288	0.437	0.0302	0.00425
167	F	0	0.00281	0.443	0.0308	0.00494
168	G	0	0.00276	0.413	0.0289	0.00595
169	T	0	0.00231	0.415	0.0244	0.00564
170	A	0	0.00291	0.425	0.0241	0.00513
171	H	0	0.00241	0.408	0.0206	0.00619
172	R	0	0.00191	0.405	0.0182	0.00618
173	D	0	0.00214	0.406	0.016	0.00646
174	S	0	0.00287	0.418	0.0167	0.00675
175	A	0	0.00345	0.42	0.0143	0.00697
176	T	0	0.00283	0.432	0.0199	0.00489
177	M	0	0.00287	0.44	0.0196	0.00447
178	T	0	0.00286	0.418	0.0136	0.00592
179	G	0	0.00314	0.416	0.0123	0.00681
180	I	0	0.00315	0.424	0.0114	0.0058
181	P	0	0.00291	0.412	0.00625	0.00609
182	K	0	0.00215	0.386	0.00474	0.00811
183	I	0	0.00198	0.384	0.00176	0.00862
184	L	0	0.00211	0.389	-0.00195	0.00791
185	G	0	0.00162	0.368	0.000363	0.00886
186	N	0	0.00205	0.402	0.00213	0.00758
187	G	0	0.00286	0.401	0.00768	0.00522
188	A	0	0.00306	0.424	0.00828	0.00484
189	A	0	0.0032	0.433	0.0174	0.00401
190	G	0	0.00307	0.442	0.0224	0.00376
191	Y	0	0.00228	0.434	0.0239	0.00516
192	L	0	0.00238	0.426	0.0273	0.00565
193	M	0	0.00299	0.441	0.0287	0.00502
194	E	0	0.00255	0.428	0.0265	0.00529
195	K	0	0.00216	0.427	0.0288	0.00636
196	E	0	0.00248	0.425	0.0272	0.00637
197	I	0	0.0022	0.404	0.0246	0.00656
198	S	0	0.00197	0.399	0.0233	0.00625
199	Y	0	0.0022	0.426	0.0282	0.00574
200	F	0	0.00228	0.426	0.0281	0.0059
201	A	0	0.00192	0.408	0.0275	0.0066
202	K	0	0.00197	0.412	0.0248	0.00629
203	V	0	0.00212	0.412	0.025	0.00599
204	L	0	0.00171	0.389	0.0251	0.00717
205	G	0	0.00141	0.361	0.0212	0.00818
206	N	0	0.0012	0.322	0.0133	0.00837
207	P	0	0.0017	0.366	0.0152	0.00784
208	P	0	0.00165	0.349	0.0118	0.0086
209	R	0	0.00203	0.388	0.00653	0.00819
210	P	0	0.00228	0.4	0.00519	0.00727
211	L	0	0.00289	0.418	0.0102	0.00577
212	V	0	0.00301	0.417	0.0125	0.00413
213	A	0	0.00286	0.43	0.0222	0.00291
214	I	0	0.00303	0.437	0.0275	0.00219
215	V	0	0.00307	0.442	0.0269	0.00348
216	G	0	0.00384	0.419	0.0242	0.00516
217	G	1	0.00306	0.403	0.0213	0.00768
218	A	1	0.00228	0.37	0.0148	0.00933
219	K	0	0.00232	0.381	0.00667	0.00923
220	V	0	0.00237	0.399	0.00355	0.00769
221	S	0	0.00169	0.376	0.00645	0.00893
222	D	0	0.00162	0.361	0.0124	0.00864
223	K	1	0.00214	0.404	0.0165	0.00625
224	I	0	0.00193	0.392	0.00776	0.00686
225	Q	0	0.00192	0.396	0.0119	0.00734
226	L	0	0.00247	0.418	0.0175	0.00579
227	L	0	0.00223	0.419	0.008	0.00557
228	D	0	0.00178	0.388	0.00324	0.00766
229	N	0	0.0019	0.409	0.0149	0.00698
230	M	0	0.00214	0.424	0.0111	0.0057
231	L	0	0.00199	0.407	-0.0062	0.00622
232	Q	0	0.00146	0.394	-0.00433	0.00764
233	R	0	0.00164	0.413	0.0013	0.00696
234	I	0	0.00226	0.424	-0.00268	0.00592
235	D	0	0.00219	0.419	-0.00551	0.00626
236	Y	0	0.00262	0.428	-0.00588	0.00455
237	L	0	0.0027	0.43	-0.00262	0.00318
238	L	0	0.00278	0.443	-0.005	0.00254
239	I	0	0.00295	0.445	0.00578	0.0037
240	G	0	0.00354	0.427	0.0118	0.00496
241	G	1	0.0039	0.411	0.017	0.00715
242	A	1	0.00312	0.397	0.0098	0.00899
243	M	0	0.0033	0.42	0.00896	0.00743
244	A	0	0.00313	0.426	-0.00118	0.00699
245	Y	1	0.00296	0.411	-0.00667	0.0094
246	T	0	0.00287	0.399	-0.00621	0.00972
247	F	0	0.00269	0.409	-0.00999	0.00833
248	L	0	0.00255	0.391	-0.0156	0.00935
249	K	0	0.00243	0.364	-0.0166	0.0115
250	A	0	0.00218	0.344	-0.016	0.0113
251	Q	1	0.00167	0.339	-0.0215	0.011
252	G	1	0.00144	0.324	-0.024	0.0128
253	Y	1	0.00185	0.347	-0.0241	0.0125
254	S	0	0.00187	0.332	-0.0197	0.014
255	I	0	0.00241	0.346	-0.016	0.0133
256	G	0	0.00234	0.316	-0.014	0.0156
257	K	0	0.00196	0.309	-0.00534	0.0161
258	S	0	0.00244	0.35	-0.00304	0.0136
259	K	0	0.00184	0.346	8.76e-05	0.0131
260	C	0	0.00213	0.343	-0.00536	0.0121
261	E	0	0.00177	0.35	-0.00742	0.0122
262	E	0	0.00143	0.307	-0.00965	0.0133
263	S	0	0.00123	0.293	-0.00835	0.0135
264	K	0	0.00193	0.333	-0.00992	0.0113
265	L	0	0.00216	0.333	-0.0121	0.0113
266	E	0	0.00164	0.316	-0.0131	0.0118
267	F	0	0.00188	0.347	-0.0118	0.0102
268	A	0	0.00239	0.368	-0.011	0.00868
269	R	0	0.00201	0.354	-0.0138	0.00965
270	S	0	0.00181	0.344	-0.0137	0.01
271	L	0	0.00204	0.376	-0.014	0.00808
272	L	0	0.002	0.374	-0.012	0.00766
273	K	0	0.00176	0.348	-0.0158	0.00939
274	K	0	0.00184	0.363	-0.0152	0.00915
275	A	0	0.00224	0.373	-0.0136	0.00758
276	E	0	0.00183	0.337	-0.0154	0.00878
277	D	0	0.00144	0.322	-0.0145	0.0104
278	R	0	0.00154	0.346	-0.0127	0.00942
279	K	0	0.00155	0.341	-0.0122	0.00914
280	V	0	0.00216	0.385	-0.0107	0.00689
281	Q	0	0.00187	0.381	-0.0133	0.00586
282	V	0	0.00207	0.407	-0.00993	0.00471
283	I	0	0.00197	0.426	-0.0153	0.00474
284	L	0	0.0022	0.429	-0.0107	0.00547
285	P	0	0.00252	0.418	-0.0126	0.00666
286	I	0	0.00224	0.402	-0.0176	0.00838
287	D	0	0.00291	0.404	-0.0135	0.00954
288	H	0	0.00325	0.402	-0.00696	0.0102
289	V	0	0.00303	0.382	-0.0059	0.0117
290	C	0	0.00296	0.355	-0.00842	0.0138
291	H	0	0.00222	0.321	-0.00873	0.0162
292	T	0	0.00167	0.28	-0.00712	0.0183
293	E	0	0.00138	0.26	2.11e-05	0.0186
294	F	0	0.00121	0.273	0.00346	0.0173
295	K	0	0.00119	0.274	0.00156	0.0178
296	A	1	0.00137	0.278	0.00146	0.0168
297	V	0	0.00129	0.266	-0.00395	0.0175
298	D	0	0.00102	0.246	-0.00416	0.0172
299	S	0	0.00109	0.242	-0.00727	0.0166
300	P	0	0.00178	0.305	-0.00842	0.0155
301	L	0	0.00178	0.316	-0.0138	0.0153
302	I	0	0.00203	0.344	-0.016	0.0133
303	T	0	0.00204	0.346	-0.018	0.0131
304	E	0	0.00139	0.31	-0.0228	0.013
305	D	0	0.00189	0.344	-0.0226	0.0116
306	Q	0	0.00215	0.369	-0.0203	0.0106
307	N	0	0.00205	0.356	-0.0201	0.0128
308	I	0	0.00238	0.35	-0.0161	0.0136
309	P	0	0.00176	0.307	-0.0163	0.0161
310	E	0	0.00163	0.286	-0.0144	0.0177
311	G	0	0.00153	0.27	-0.0107	0.0187
312	H	0	0.00247	0.321	-0.0102	0.0165
313	M	0	0.00281	0.343	-0.00402	0.0148
314	A	1	0.003	0.374	-0.00357	0.0122
315	L	1	0.00286	0.384	0.0029	0.0117
316	D	0	0.00351	0.409	0.00761	0.00935
317	I	0	0.00326	0.417	0.00124	0.00761
318	G	0	0.00301	0.391	-0.00366	0.0088
319	P	0	0.00192	0.378	-0.00279	0.00913
320	K	0	0.00198	0.396	-0.0121	0.00861
321	T	0	0.00275	0.423	-0.00935	0.00644
322	I	0	0.00258	0.411	-0.000933	0.00612
323	E	0	0.00199	0.388	-0.00671	0.00714
324	K	0	0.00207	0.402	-0.012	0.00614
325	Y	0	0.00248	0.434	-0.00624	0.00438
326	V	0	0.00241	0.408	0.00679	0.00564
327	Q	0	0.00193	0.386	-0.00231	0.00671
328	T	0	0.00213	0.402	-0.00281	0.00556
329	I	0	0.00252	0.413	0.0078	0.00522
330	G	0	0.00198	0.389	0.00549	0.00721
331	K	0	0.00167	0.392	0.00121	0.00754
332	C	0	0.00246	0.415	0.00818	0.00682
333	K	0	0.00243	0.407	0.0122	0.00763
334	S	0	0.00301	0.418	0.0193	0.00616
335	A	0	0.00307	0.422	0.0269	0.00441
336	I	0	0.0029	0.435	0.033	0.00396
337	W	0	0.0031	0.453	0.0382	0.00351
338	N	0	0.00299	0.443	0.0376	0.00493
339	G	1	0.00329	0.42	0.0315	0.00593
340	P	1	0.00345	0.421	0.0269	0.00647
341	M	0	0.00379	0.429	0.0182	0.0059
342	G	1	0.00363	0.391	0.0152	0.00855
343	V	1	0.0025	0.362	0.0123	0.011
344	F	0	0.00252	0.375	0.0151	0.0101
345	E	1	0.00147	0.319	0.012	0.0128
346	M	1	0.00176	0.324	0.00912	0.0137
347	V	1	0.0016	0.317	0.00891	0.0133
348	P	1	0.00182	0.331	0.0038	0.0131
349	Y	0	0.00276	0.383	0.00666	0.0111
350	S	0	0.00278	0.388	0.013	0.00952
351	K	0	0.00231	0.394	0.0112	0.00857
352	G	0	0.00304	0.408	0.0144	0.00631
353	T	0	0.00326	0.428	0.0218	0.00594
354	F	0	0.00272	0.423	0.0199	0.00686
355	A	0	0.00256	0.407	0.0171	0.00648
356	I	0	0.00281	0.424	0.0196	0.00471
357	A	0	0.00304	0.412	0.0207	0.00596
358	K	0	0.00251	0.397	0.0163	0.00687
359	A	0	0.00257	0.402	0.014	0.00636
360	M	0	0.00301	0.426	0.0163	0.00577
361	G	0	0.00305	0.402	0.0146	0.00735
362	R	0	0.00232	0.384	0.00944	0.00811
363	G	0	0.00269	0.384	0.011	0.00765
364	T	0	0.00292	0.39	0.012	0.00804
365	H	0	0.00191	0.352	0.00903	0.00956
366	E	0	0.00149	0.322	0.00514	0.0102
367	H	0	0.00162	0.317	0.00777	0.00966
368	G	0	0.00187	0.35	0.0138	0.0092
369	L	0	0.00274	0.403	0.0154	0.00736
370	M	0	0.00253	0.411	0.0216	0.00675
371	S	0	0.00306	0.425	0.0248	0.00556
372	I	0	0.00296	0.437	0.0313	0.00525
373	I	0	0.00323	0.44	0.036	0.00509
374	G	0	0.00327	0.426	0.0377	0.0056
375	G	0	0.00343	0.407	0.0373	0.00674
376	G	0	0.0025	0.38	0.0343	0.0072
377	D	0	0.00251	0.4	0.03	0.0072
378	S	0	0.00323	0.419	0.0309	0.00586
379	A	0	0.0032	0.407	0.0321	0.00651
380	S	0	0.00251	0.391	0.029	0.00748
381	A	0	0.0028	0.398	0.0256	0.00726
382	A	0	0.00312	0.405	0.0182	0.00716
383	E	0	0.00237	0.392	0.0274	0.00668
384	L	0	0.00172	0.365	0.0192	0.00872
385	S	0	0.00176	0.361	0.0167	0.00896
386	G	0	0.00172	0.361	0.0145	0.00886
387	E	0	0.00257	0.397	0.0141	0.00775
388	A	0	0.00252	0.377	0.0204	0.00736
389	K	0	0.00165	0.348	0.0172	0.00863
390	R	0	0.00216	0.385	0.0133	0.0083
391	M	0	0.00278	0.418	0.0194	0.00685
392	S	0	0.00218	0.41	0.0239	0.007
393	H	0	0.00238	0.423	0.0293	0.00641
394	V	0	0.00269	0.414	0.0314	0.0063
395	S	0	0.00284	0.429	0.0292	0.00624
396	T	0	0.00245	0.409	0.0302	0.00634
397	G	1	0.00307	0.397	0.0293	0.00657
398	G	1	0.00288	0.392	0.0342	0.00613
399	G	1	0.00211	0.378	0.0311	0.00625
400	A	0	0.00278	0.399	0.0307	0.00615
401	S	0	0.00284	0.428	0.0344	0.0061
402	L	0	0.00258	0.421	0.0328	0.00587
403	E	0	0.00242	0.418	0.0332	0.00647
404	L	0	0.00243	0.424	0.0364	0.00631
405	L	0	0.00235	0.424	0.0348	0.0061
406	E	0	0.00237	0.39	0.03	0.00702
407	G	0	0.00169	0.367	0.0315	0.00717
408	K	0	0.00159	0.372	0.03	0.00698
409	T	0	0.00147	0.382	0.0285	0.00602
410	L	0	0.00222	0.411	0.0244	0.0058
411	P	0	0.00223	0.389	0.0142	0.00606
412	G	0	0.00288	0.385	0.0167	0.00503
413	V	0	0.00233	0.383	0.0198	0.00532
414	T	0	0.00181	0.374	0.00629	0.00638
415	V	0	0.00208	0.39	0.0068	0.00562
416	L	0	0.00251	0.406	0.00492	0.00525
417	D	0	0.00199	0.38	0.00308	0.00644
418	D	0	0.00167	0.323	0.0014	0.00796
419	K	0	0.00132	0.282	0.000703	0.00871
