# Reciprocal collectivity of fluctuations=  120.2
# kappa=  0.077
# Frequency reported in internal units: 0.156 ps^(-1), kT/h/ is 2.47 internal units (om-2)= 0.164
#mode pc_therm cumul om-2(harm)  RMSD  Coll_cart Coll_MW Coll_tors Max_dev_atom
    0  0.1437 0.144    79.74     0.16  0.481 0.265 0.114  0.406
    1  0.1364 0.280    75.67    0.156  0.427 0.221 0.178  0.410
    2  0.0504 0.331    27.99   0.0946  0.407 0.279 0.081  0.274
    3  0.0254 0.356    14.09   0.0671  0.390 0.350 0.135  0.213
    4  0.0207 0.377    11.47   0.0606  0.374 0.393 0.275  0.195
    5  0.0152 0.392    8.414   0.0519  0.412 0.398 0.212  0.115
    6  0.0138 0.406    7.631   0.0494  0.119 0.137 0.176  0.367
    7  0.0122 0.418    6.769   0.0465  0.218 0.215 0.196  0.316
    8  0.0111 0.429    6.173   0.0444  0.251 0.210 0.211  0.248
    9  0.0104 0.439    5.754   0.0429  0.156 0.157 0.183  0.231
   10  0.0100 0.449    5.528    0.042  0.204 0.194 0.117  0.362
   11  0.0087 0.458    4.847   0.0394  0.144 0.181 0.120  0.335
   12  0.0084 0.466    4.672   0.0387  0.069 0.066 0.056  0.513
   13  0.0077 0.474    4.284    0.037  0.230 0.234 0.158  0.282
   14  0.0073 0.481    4.042    0.036  0.158 0.210 0.101  0.374
   15  0.0069 0.488    3.814   0.0349  0.100 0.124 0.097  0.292
   16  0.0063 0.495    3.513   0.0335  0.250 0.272 0.192  0.205
   17  0.0062 0.501    3.467   0.0333  0.100 0.131 0.077  0.249
   18  0.0060 0.507    3.337   0.0327  0.174 0.219 0.140  0.191
   19  0.0057 0.513    3.183   0.0319  0.161 0.222 0.096  0.290
   20  0.0054 0.518    2.973   0.0308  0.171 0.183 0.219  0.147
   21  0.0053 0.523    2.954   0.0307  0.268 0.306 0.214  0.152
   22  0.0052 0.528      2.9   0.0305  0.294 0.281 0.236  0.146
   23  0.0051 0.534    2.841   0.0301  0.093 0.117 0.091  0.235
   24  0.0051 0.539    2.814     0.03  0.251 0.286 0.184  0.140
   25  0.0050 0.544    2.775   0.0298  0.209 0.227 0.154  0.149
   26  0.0048 0.548    2.665   0.0292  0.266 0.272 0.246  0.203
   27  0.0046 0.553    2.555   0.0286  0.279 0.277 0.267  0.171
   28  0.0045 0.558    2.512   0.0283  0.098 0.131 0.079  0.381
   29  0.0044 0.562    2.463   0.0281  0.052 0.051 0.032  0.325
   30  0.0043 0.566    2.408   0.0277  0.235 0.288 0.215  0.172
   31  0.0042 0.571    2.345   0.0274  0.234 0.267 0.192  0.235
   32  0.0041 0.575    2.281    0.027  0.199 0.221 0.131  0.156
   33  0.0040 0.579    2.204   0.0266  0.106 0.109 0.054  0.222
   34  0.0039 0.583     2.18   0.0264  0.234 0.239 0.178  0.168
   35  0.0039 0.587    2.154   0.0262  0.186 0.182 0.107  0.190
   36  0.0038 0.590    2.104   0.0259  0.130 0.152 0.051  0.310
   37  0.0037 0.594    2.073   0.0257  0.276 0.291 0.230  0.131
   38  0.0037 0.598    2.048   0.0256  0.171 0.187 0.069  0.242
   39  0.0036 0.601    2.001   0.0253  0.220 0.250 0.145  0.234
   40  0.0036 0.605    1.984   0.0252  0.265 0.300 0.250  0.130
   41  0.0035 0.608    1.953    0.025  0.247 0.251 0.091  0.156
   42  0.0035 0.612    1.925   0.0248  0.133 0.119 0.039  0.294
   43  0.0034 0.615    1.875   0.0245  0.298 0.310 0.249  0.134
   44  0.0033 0.619    1.849   0.0243  0.235 0.225 0.186  0.154
   45  0.0033 0.622    1.804    0.024  0.273 0.306 0.164  0.135
   46  0.0032 0.625     1.78   0.0239  0.274 0.288 0.294  0.110
   47  0.0031 0.628    1.719   0.0234  0.195 0.225 0.206  0.165
   48  0.0031 0.631    1.708   0.0234  0.202 0.245 0.176  0.158
   49  0.0030 0.634    1.681   0.0232  0.262 0.294 0.253  0.130
   50  0.0030 0.637    1.638   0.0229  0.360 0.378 0.332  0.089
   51  0.0029 0.640    1.636   0.0229  0.260 0.307 0.248  0.153
   52  0.0029 0.643    1.625   0.0228  0.294 0.316 0.272  0.141
   53  0.0029 0.646     1.61   0.0227  0.233 0.317 0.218  0.122
   54  0.0028 0.649    1.579   0.0225  0.237 0.261 0.222  0.119
   55  0.0028 0.652     1.55   0.0223  0.248 0.254 0.215  0.155
   56  0.0027 0.654    1.514    0.022  0.160 0.174 0.166  0.196
   57  0.0027 0.657    1.503   0.0219  0.200 0.238 0.198  0.130
   58  0.0026 0.660    1.462   0.0216  0.154 0.171 0.168  0.186
   59  0.0026 0.662    1.448   0.0215  0.272 0.277 0.255  0.104
   60  0.0026 0.665    1.438   0.0214  0.258 0.282 0.273  0.186
   61  0.0025 0.668    1.412   0.0212  0.201 0.242 0.123  0.152
   62  0.0025 0.670    1.383    0.021  0.223 0.229 0.218  0.132
   63  0.0024 0.672    1.342   0.0207  0.250 0.250 0.205  0.089
   64  0.0024 0.675    1.341   0.0207  0.342 0.325 0.264  0.082
   65  0.0024 0.677    1.325   0.0206  0.316 0.308 0.272  0.102
   66  0.0024 0.680    1.304   0.0204  0.287 0.318 0.251  0.098
   67  0.0023 0.682    1.296   0.0204  0.261 0.263 0.219  0.164
   68  0.0023 0.684    1.263   0.0201  0.301 0.307 0.286  0.106
   69  0.0022 0.686    1.237   0.0199  0.267 0.306 0.313  0.111
   70  0.0022 0.689    1.228   0.0198  0.245 0.305 0.239  0.149
   71  0.0022 0.691    1.208   0.0197  0.289 0.274 0.258  0.083
   72  0.0022 0.693    1.203   0.0196  0.294 0.339 0.274  0.109
   73  0.0021 0.695    1.188   0.0195  0.313 0.358 0.293  0.079
   74  0.0021 0.697     1.17   0.0193  0.298 0.343 0.292  0.097
   75  0.0021 0.699    1.155   0.0192  0.215 0.222 0.231  0.122
   76  0.0020 0.701    1.134    0.019  0.233 0.265 0.213  0.107
   77  0.0020 0.703    1.121   0.0189  0.283 0.328 0.327  0.110
   78  0.0020 0.705    1.108   0.0188  0.310 0.350 0.294  0.110
   79  0.0020 0.707    1.101   0.0188  0.284 0.307 0.250  0.081
   80  0.0019 0.709    1.074   0.0185  0.346 0.364 0.323  0.104
   81  0.0019 0.711    1.063   0.0184  0.276 0.289 0.311  0.096
   82  0.0019 0.713    1.046   0.0183  0.350 0.370 0.344  0.087
   83  0.0019 0.715    1.038   0.0182  0.295 0.327 0.256  0.078
   84  0.0018 0.717    1.023   0.0181  0.276 0.305 0.266  0.121
   85  0.0018 0.719    1.001   0.0179  0.310 0.347 0.242  0.095
   86  0.0018 0.720   0.9959   0.0178  0.328 0.346 0.308  0.097
   87  0.0018 0.722   0.9893   0.0178  0.319 0.343 0.347  0.077
   88  0.0017 0.724   0.9692   0.0176  0.254 0.288 0.257  0.100
   89  0.0017 0.726   0.9675   0.0176  0.244 0.276 0.256  0.095
   90  0.0017 0.727   0.9526   0.0175  0.294 0.346 0.327  0.083
   91  0.0017 0.729   0.9495   0.0174  0.368 0.404 0.317  0.070
   92  0.0017 0.731   0.9409   0.0173  0.328 0.383 0.270  0.077
   93  0.0017 0.732   0.9258   0.0172  0.308 0.357 0.305  0.107
   94  0.0017 0.734    0.921   0.0172  0.296 0.324 0.264  0.077
   95  0.0016 0.736   0.9146   0.0171  0.197 0.214 0.172  0.092
   96  0.0016 0.737   0.9053    0.017  0.246 0.325 0.247  0.094
   97  0.0016 0.739   0.9015    0.017  0.216 0.267 0.203  0.099
   98  0.0016 0.741   0.8891   0.0169  0.334 0.371 0.250  0.075
   99  0.0016 0.742   0.8686   0.0167  0.295 0.322 0.264  0.083
  100  0.0016 0.744   0.8604   0.0166  0.313 0.350 0.262  0.064
  101  0.0015 0.745   0.8536   0.0165  0.349 0.379 0.245  0.080
  102  0.0015 0.747   0.8424   0.0164  0.332 0.421 0.283  0.059
  103  0.0015 0.748   0.8299   0.0163  0.296 0.308 0.289  0.101
  104  0.0015 0.750   0.8221   0.0162  0.336 0.365 0.255  0.077
  105  0.0015 0.751   0.8104   0.0161  0.351 0.364 0.314  0.059
  106  0.0014 0.753   0.8007    0.016  0.328 0.354 0.257  0.072
  107  0.0014 0.754   0.7995    0.016  0.381 0.442 0.275  0.059
  108  0.0014 0.756   0.7941   0.0159  0.334 0.372 0.245  0.064
  109  0.0014 0.757   0.7852   0.0158  0.217 0.269 0.244  0.117
  110  0.0014 0.758   0.7831   0.0158  0.314 0.363 0.183  0.078
  111  0.0014 0.760   0.7668   0.0157  0.342 0.367 0.244  0.065
  112  0.0014 0.761   0.7652   0.0156  0.356 0.393 0.269  0.063
  113  0.0014 0.763   0.7598   0.0156  0.275 0.297 0.231  0.078
  114  0.0014 0.764   0.7491   0.0155  0.314 0.353 0.291  0.086
  115  0.0013 0.765   0.7454   0.0154  0.341 0.386 0.331  0.069
  116  0.0013 0.767   0.7384   0.0154  0.328 0.382 0.175  0.100
  117  0.0013 0.768   0.7322   0.0153  0.218 0.271 0.235  0.120
  118  0.0013 0.769   0.7232   0.0152  0.310 0.353 0.251  0.065
  119  0.0013 0.770   0.7178   0.0152  0.337 0.386 0.278  0.077
  120  0.0013 0.772   0.7113   0.0151  0.375 0.411 0.310  0.053
  121  0.0013 0.773   0.7024    0.015  0.304 0.366 0.296  0.056
  122  0.0013 0.774   0.6938   0.0149  0.349 0.421 0.326  0.067
  123  0.0012 0.776   0.6858   0.0148  0.225 0.291 0.248  0.093
  124  0.0012 0.777   0.6824   0.0148  0.313 0.380 0.255  0.066
  125  0.0012 0.778    0.677   0.0147  0.266 0.312 0.294  0.083
  126  0.0012 0.779   0.6712   0.0147  0.286 0.352 0.303  0.085
  127  0.0012 0.780   0.6609   0.0145  0.352 0.384 0.312  0.078
  128  0.0012 0.782   0.6557   0.0145  0.339 0.398 0.282  0.052
  129  0.0012 0.783   0.6465   0.0144  0.282 0.349 0.299  0.090
  130  0.0012 0.784   0.6391   0.0143  0.209 0.244 0.305  0.110
  131  0.0011 0.785   0.6359   0.0143  0.321 0.354 0.272  0.062
  132  0.0011 0.786   0.6258   0.0141  0.285 0.346 0.234  0.111
  133  0.0011 0.787   0.6192   0.0141  0.267 0.298 0.252  0.063
  134  0.0011 0.788    0.613    0.014  0.317 0.391 0.225  0.055
  135  0.0011 0.789    0.612    0.014  0.280 0.335 0.200  0.064
  136  0.0011 0.791   0.6081   0.0139  0.274 0.323 0.257  0.058
  137  0.0011 0.792   0.6031   0.0139  0.302 0.335 0.292  0.075
  138  0.0011 0.793   0.5974   0.0138  0.334 0.393 0.305  0.058
  139  0.0011 0.794    0.592   0.0138  0.318 0.364 0.295  0.056
  140  0.0011 0.795   0.5884   0.0137  0.308 0.361 0.233  0.050
  141  0.0011 0.796   0.5863   0.0137  0.230 0.264 0.262  0.086
  142  0.0011 0.797    0.585   0.0137  0.185 0.224 0.172  0.069
  143  0.0011 0.798   0.5843   0.0137  0.287 0.320 0.210  0.066
  144  0.0010 0.799   0.5771   0.0136  0.271 0.300 0.288  0.068
  145  0.0010 0.800   0.5717   0.0135  0.291 0.341 0.286  0.081
  146  0.0010 0.801   0.5657   0.0135  0.338 0.380 0.316  0.049
  147  0.0010 0.802   0.5629   0.0134  0.196 0.224 0.132  0.086
  148  0.0010 0.803   0.5566   0.0133  0.318 0.373 0.279  0.057
  149  0.0010 0.804   0.5556   0.0133  0.367 0.422 0.227  0.061
  150  0.0010 0.805   0.5521   0.0133  0.341 0.390 0.306  0.063
  151  0.0010 0.806   0.5478   0.0132  0.344 0.401 0.297  0.061
  152  0.0010 0.807    0.546   0.0132  0.308 0.396 0.234  0.055
  153  0.0010 0.808    0.543   0.0132  0.335 0.407 0.308  0.046
  154  0.0010 0.809   0.5399   0.0131  0.378 0.450 0.322  0.046
  155  0.0010 0.810   0.5363   0.0131  0.306 0.380 0.210  0.066
  156  0.0010 0.811   0.5352   0.0131  0.324 0.379 0.318  0.055
  157  0.0010 0.812     0.53    0.013  0.321 0.375 0.250  0.057
  158  0.0009 0.813   0.5258    0.013  0.326 0.358 0.285  0.060
  159  0.0009 0.814   0.5242   0.0129  0.290 0.347 0.291  0.060
  160  0.0009 0.815   0.5174   0.0129  0.267 0.340 0.348  0.062
  161  0.0009 0.816   0.5147   0.0128  0.326 0.359 0.269  0.051
  162  0.0009 0.817   0.5097   0.0128  0.337 0.382 0.341  0.056
  163  0.0009 0.818   0.5076   0.0127  0.329 0.365 0.230  0.058
  164  0.0009 0.818   0.5053   0.0127  0.297 0.327 0.221  0.077
  165  0.0009 0.819   0.5037   0.0127  0.298 0.325 0.209  0.054
  166  0.0009 0.820   0.4949   0.0126  0.334 0.388 0.243  0.057
  167  0.0009 0.821    0.494   0.0126  0.262 0.316 0.211  0.070
  168  0.0009 0.822   0.4929   0.0126  0.341 0.393 0.219  0.058
  169  0.0009 0.823   0.4863   0.0125  0.312 0.356 0.188  0.069
  170  0.0009 0.824   0.4845   0.0124  0.316 0.376 0.293  0.051
  171  0.0009 0.825   0.4775   0.0124  0.259 0.286 0.165  0.084
  172  0.0009 0.825   0.4748   0.0123  0.317 0.406 0.265  0.053
  173  0.0008 0.826   0.4698   0.0123  0.307 0.355 0.252  0.065
  174  0.0008 0.827   0.4675   0.0122  0.332 0.389 0.250  0.052
  175  0.0008 0.828   0.4663   0.0122  0.305 0.358 0.267  0.057
  176  0.0008 0.829   0.4619   0.0122  0.337 0.375 0.206  0.063
  177  0.0008 0.830   0.4609   0.0121  0.352 0.406 0.179  0.059
  178  0.0008 0.830    0.454    0.012  0.328 0.368 0.211  0.048
  179  0.0008 0.831   0.4515    0.012  0.281 0.350 0.272  0.066
  180  0.0008 0.832    0.448    0.012  0.285 0.341 0.271  0.053
  181  0.0008 0.833    0.447    0.012  0.193 0.212 0.052  0.126
  182  0.0008 0.834   0.4403   0.0119  0.325 0.380 0.306  0.063
  183  0.0008 0.834    0.436   0.0118  0.318 0.353 0.188  0.057
  184  0.0008 0.835    0.434   0.0118  0.223 0.261 0.184  0.063
  185  0.0008 0.836   0.4309   0.0117  0.300 0.343 0.261  0.049
  186  0.0008 0.837   0.4285   0.0117  0.303 0.360 0.249  0.055
  187  0.0008 0.838   0.4253   0.0117  0.303 0.381 0.233  0.051
  188  0.0008 0.838   0.4249   0.0117  0.208 0.263 0.204  0.100
  189  0.0008 0.839   0.4215   0.0116  0.297 0.351 0.228  0.055
  190  0.0008 0.840   0.4179   0.0116  0.245 0.300 0.177  0.070
  191  0.0008 0.841   0.4172   0.0116  0.278 0.323 0.172  0.071
  192  0.0007 0.841   0.4115   0.0115  0.247 0.275 0.150  0.075
  193  0.0007 0.842   0.4095   0.0114  0.240 0.269 0.179  0.059
  194  0.0007 0.843   0.4091   0.0114  0.280 0.325 0.208  0.059
  195  0.0007 0.844   0.4063   0.0114  0.271 0.330 0.233  0.050
  196  0.0007 0.844   0.4034   0.0114  0.213 0.241 0.103  0.088
  197  0.0007 0.845   0.4024   0.0113  0.340 0.389 0.206  0.051
  198  0.0007 0.846   0.4004   0.0113  0.238 0.276 0.134  0.065
  199  0.0007 0.846   0.3975   0.0113  0.296 0.352 0.229  0.071
  200  0.0007 0.847   0.3967   0.0113  0.318 0.409 0.238  0.071
  201  0.0007 0.848    0.394   0.0112  0.351 0.410 0.293  0.051
  202  0.0007 0.849   0.3912   0.0112  0.250 0.301 0.212  0.067
  203  0.0007 0.849   0.3897   0.0112  0.170 0.228 0.067  0.133
  204  0.0007 0.850   0.3881   0.0111  0.243 0.305 0.228  0.056
  205  0.0007 0.851   0.3863   0.0111  0.342 0.413 0.241  0.048
  206  0.0007 0.851    0.384   0.0111  0.280 0.342 0.153  0.082
  207  0.0007 0.852    0.383   0.0111  0.322 0.376 0.233  0.050
  208  0.0007 0.853   0.3785    0.011  0.343 0.386 0.242  0.051
  209  0.0007 0.853   0.3767    0.011  0.223 0.262 0.196  0.058
  210  0.0007 0.854   0.3755    0.011  0.274 0.313 0.165  0.073
  211  0.0007 0.855   0.3739   0.0109  0.230 0.292 0.172  0.052
  212  0.0007 0.855    0.373   0.0109  0.310 0.386 0.214  0.047
  213  0.0007 0.856   0.3719   0.0109  0.285 0.332 0.223  0.052
  214  0.0007 0.857   0.3682   0.0109  0.322 0.377 0.195  0.056
  215  0.0007 0.857   0.3653   0.0108  0.286 0.343 0.207  0.074
  216  0.0007 0.858   0.3633   0.0108  0.300 0.347 0.209  0.067
  217  0.0007 0.859   0.3609   0.0107  0.291 0.345 0.215  0.078
  218  0.0006 0.859   0.3589   0.0107  0.271 0.328 0.256  0.052
  219  0.0006 0.860   0.3565   0.0107  0.203 0.249 0.176  0.065
  220  0.0006 0.861   0.3552   0.0107  0.310 0.372 0.261  0.073
  221  0.0006 0.861    0.355   0.0107  0.254 0.283 0.195  0.063
  222  0.0006 0.862   0.3528   0.0106  0.224 0.285 0.230  0.056
  223  0.0006 0.863   0.3514   0.0106  0.349 0.391 0.279  0.047
  224  0.0006 0.863   0.3497   0.0106  0.319 0.399 0.274  0.062
  225  0.0006 0.864   0.3478   0.0105  0.313 0.367 0.248  0.063
  226  0.0006 0.864    0.345   0.0105  0.302 0.341 0.192  0.061
  227  0.0006 0.865   0.3435   0.0105  0.322 0.383 0.242  0.057
  228  0.0006 0.866   0.3414   0.0104  0.304 0.370 0.185  0.060
  229  0.0006 0.866   0.3396   0.0104  0.214 0.263 0.169  0.061
  230  0.0006 0.867   0.3389   0.0104  0.323 0.372 0.208  0.051
  231  0.0006 0.868   0.3363   0.0104  0.312 0.392 0.227  0.048
  232  0.0006 0.868   0.3359   0.0104  0.268 0.300 0.208  0.049
  233  0.0006 0.869   0.3348   0.0103  0.222 0.263 0.149  0.072
  234  0.0006 0.869   0.3327   0.0103  0.266 0.337 0.211  0.055
  235  0.0006 0.870   0.3301   0.0103  0.259 0.326 0.126  0.064
  236  0.0006 0.871   0.3289   0.0103  0.218 0.305 0.086  0.105
  237  0.0006 0.871   0.3267   0.0102  0.320 0.376 0.189  0.054
  238  0.0006 0.872   0.3256   0.0102  0.233 0.278 0.105  0.104
  239  0.0006 0.872   0.3234   0.0102  0.287 0.355 0.177  0.063
  240  0.0006 0.873    0.322   0.0101  0.289 0.343 0.213  0.068
  241  0.0006 0.873   0.3208   0.0101  0.291 0.354 0.188  0.071
  242  0.0006 0.874   0.3197   0.0101  0.268 0.323 0.204  0.046
  243  0.0006 0.875   0.3177   0.0101  0.278 0.330 0.148  0.073
  244  0.0006 0.875   0.3173   0.0101  0.255 0.317 0.118  0.105
  245  0.0006 0.876   0.3161   0.0101  0.304 0.368 0.193  0.061
  246  0.0006 0.876   0.3126     0.01  0.169 0.210 0.066  0.106
  247  0.0006 0.877   0.3115  0.00998  0.319 0.381 0.212  0.059
  248  0.0006 0.877   0.3112  0.00998  0.282 0.311 0.176  0.088
  249  0.0006 0.878   0.3089  0.00994  0.310 0.392 0.255  0.054
  250  0.0006 0.879   0.3083  0.00993  0.329 0.379 0.241  0.040
  251  0.0006 0.879   0.3071  0.00991  0.309 0.377 0.191  0.055
  252  0.0005 0.880   0.3049  0.00987  0.183 0.233 0.107  0.080
  253  0.0005 0.880   0.3004   0.0098  0.161 0.224 0.089  0.105
  254  0.0005 0.881   0.2999  0.00979  0.220 0.261 0.134  0.062
  255  0.0005 0.881   0.2987  0.00977  0.253 0.306 0.185  0.060
  256  0.0005 0.882   0.2978  0.00976  0.285 0.331 0.177  0.067
  257  0.0005 0.882   0.2962  0.00973  0.311 0.379 0.179  0.048
  258  0.0005 0.883   0.2949  0.00971  0.306 0.374 0.198  0.057
  259  0.0005 0.883   0.2928  0.00968  0.182 0.223 0.175  0.063
  260  0.0005 0.884   0.2922  0.00967  0.299 0.360 0.228  0.051
  261  0.0005 0.884   0.2917  0.00966  0.333 0.387 0.262  0.036
  262  0.0005 0.885   0.2908  0.00964  0.306 0.357 0.218  0.053
  263  0.0005 0.885     0.29  0.00963  0.296 0.371 0.264  0.047
  264  0.0005 0.886   0.2882   0.0096  0.276 0.339 0.185  0.054
  265  0.0005 0.887   0.2873  0.00958  0.331 0.404 0.246  0.037
  266  0.0005 0.887   0.2862  0.00957  0.304 0.336 0.240  0.050
  267  0.0005 0.888   0.2828  0.00951  0.318 0.380 0.249  0.057
  268  0.0005 0.888   0.2817  0.00949  0.325 0.389 0.217  0.046
  269  0.0005 0.889   0.2809  0.00948  0.311 0.371 0.206  0.055
  270  0.0005 0.889   0.2795  0.00945  0.345 0.399 0.240  0.049
  271  0.0005 0.890   0.2785  0.00944  0.254 0.293 0.174  0.074
  272  0.0005 0.890   0.2763   0.0094  0.256 0.316 0.216  0.054
  273  0.0005 0.891   0.2744  0.00937  0.287 0.350 0.241  0.049
  274  0.0005 0.891   0.2731  0.00935  0.336 0.428 0.262  0.044
  275  0.0005 0.892   0.2726  0.00934  0.324 0.405 0.242  0.054
  276  0.0005 0.892   0.2717  0.00932  0.316 0.396 0.223  0.042
  277  0.0005 0.893   0.2713  0.00931  0.287 0.341 0.186  0.051
  278  0.0005 0.893   0.2709  0.00931  0.281 0.334 0.138  0.072
  279  0.0005 0.893   0.2685  0.00927  0.283 0.361 0.148  0.058
  280  0.0005 0.894   0.2682  0.00926  0.306 0.369 0.229  0.065
  281  0.0005 0.894   0.2672  0.00924  0.278 0.352 0.148  0.072
  282  0.0005 0.895   0.2661  0.00923  0.189 0.233 0.082  0.102
  283  0.0005 0.895   0.2647   0.0092  0.175 0.218 0.113  0.083
  284  0.0005 0.896    0.263  0.00917  0.289 0.368 0.187  0.060
  285  0.0005 0.896   0.2627  0.00917  0.287 0.358 0.199  0.066
  286  0.0005 0.897   0.2622  0.00916  0.233 0.273 0.161  0.075
  287  0.0005 0.897   0.2615  0.00914  0.296 0.389 0.186  0.080
  288  0.0005 0.898   0.2597  0.00911  0.267 0.305 0.189  0.060
  289  0.0005 0.898   0.2588   0.0091  0.258 0.323 0.132  0.091
  290  0.0005 0.899   0.2583  0.00909  0.265 0.314 0.179  0.071
  291  0.0005 0.899   0.2574  0.00907  0.277 0.377 0.208  0.056
  292  0.0005 0.900   0.2563  0.00905  0.214 0.278 0.182  0.070
  293  0.0005 0.900   0.2548  0.00903  0.214 0.279 0.144  0.072
  294  0.0005 0.901   0.2541  0.00901  0.209 0.250 0.101  0.095
  295  0.0005 0.901    0.252  0.00898  0.271 0.341 0.158  0.061
  296  0.0005 0.901   0.2511  0.00896  0.260 0.336 0.168  0.087
  297  0.0005 0.902   0.2503  0.00895  0.272 0.348 0.147  0.084
  298  0.0004 0.902    0.249  0.00892  0.226 0.264 0.164  0.085
  299  0.0004 0.903   0.2473  0.00889  0.257 0.317 0.174  0.075
  300  0.0004 0.903    0.247  0.00889  0.228 0.290 0.185  0.075
  301  0.0004 0.904   0.2457  0.00886  0.256 0.300 0.219  0.061
  302  0.0004 0.904   0.2451  0.00885  0.146 0.195 0.072  0.141
  303  0.0004 0.905   0.2441  0.00883  0.312 0.371 0.217  0.064
  304  0.0004 0.905   0.2433  0.00882  0.218 0.293 0.166  0.045
  305  0.0004 0.905   0.2431  0.00882  0.214 0.258 0.124  0.105
  306  0.0004 0.906    0.242   0.0088  0.243 0.282 0.126  0.082
  307  0.0004 0.906   0.2408  0.00878  0.306 0.375 0.274  0.042
  308  0.0004 0.907   0.2401  0.00876  0.329 0.417 0.240  0.063
  309  0.0004 0.907    0.239  0.00874  0.280 0.368 0.266  0.045
  310  0.0004 0.908   0.2375  0.00871  0.313 0.389 0.221  0.070
  311  0.0004 0.908    0.236  0.00869  0.215 0.263 0.158  0.068
  312  0.0004 0.908   0.2358  0.00868  0.190 0.245 0.102  0.098
  313  0.0004 0.909   0.2336  0.00864  0.250 0.339 0.208  0.041
  314  0.0004 0.909   0.2328  0.00863  0.297 0.390 0.265  0.042
  315  0.0004 0.910   0.2322  0.00862  0.299 0.409 0.272  0.046
  316  0.0004 0.910   0.2314   0.0086  0.299 0.358 0.253  0.045
  317  0.0004 0.911   0.2307  0.00859  0.303 0.370 0.245  0.048
  318  0.0004 0.911   0.2296  0.00857  0.314 0.390 0.271  0.036
  319  0.0004 0.911   0.2287  0.00855  0.278 0.328 0.198  0.065
  320  0.0004 0.912    0.228  0.00854  0.263 0.343 0.164  0.065
  321  0.0004 0.912   0.2263  0.00851  0.291 0.385 0.228  0.038
  322  0.0004 0.913    0.226   0.0085  0.307 0.383 0.244  0.040
  323  0.0004 0.913   0.2246  0.00848  0.321 0.397 0.267  0.041
  324  0.0004 0.913    0.224  0.00846  0.263 0.306 0.130  0.060
  325  0.0004 0.914   0.2231  0.00845  0.263 0.353 0.181  0.049
  326  0.0004 0.914   0.2218  0.00842  0.295 0.376 0.226  0.049
  327  0.0004 0.915   0.2214  0.00841  0.260 0.314 0.157  0.064
  328  0.0004 0.915    0.221  0.00841  0.242 0.304 0.123  0.091
  329  0.0004 0.915   0.2198  0.00838  0.269 0.346 0.222  0.052
  330  0.0004 0.916   0.2189  0.00837  0.230 0.300 0.165  0.075
  331  0.0004 0.916   0.2188  0.00836  0.306 0.378 0.195  0.054
  332  0.0004 0.917   0.2181  0.00835  0.285 0.368 0.185  0.051
  333  0.0004 0.917    0.217  0.00833  0.214 0.286 0.116  0.088
  334  0.0004 0.917   0.2167  0.00833  0.247 0.297 0.220  0.049
  335  0.0004 0.918   0.2159  0.00831  0.310 0.397 0.248  0.050
  336  0.0004 0.918   0.2152   0.0083  0.184 0.216 0.142  0.067
  337  0.0004 0.919   0.2147  0.00829  0.295 0.359 0.255  0.045
  338  0.0004 0.919   0.2141  0.00827  0.269 0.335 0.216  0.053
  339  0.0004 0.919   0.2117  0.00823  0.250 0.325 0.148  0.051
  340  0.0004 0.920   0.2112  0.00822  0.264 0.342 0.195  0.059
  341  0.0004 0.920   0.2109  0.00821  0.211 0.285 0.130  0.068
  342  0.0004 0.920   0.2098  0.00819  0.281 0.346 0.238  0.044
  343  0.0004 0.921   0.2092  0.00818  0.292 0.374 0.255  0.046
  344  0.0004 0.921   0.2087  0.00817  0.219 0.262 0.184  0.064
  345  0.0004 0.922   0.2083  0.00816  0.242 0.261 0.189  0.059
  346  0.0004 0.922   0.2077  0.00815  0.294 0.345 0.245  0.042
  347  0.0004 0.922   0.2063  0.00812  0.229 0.292 0.221  0.049
  348  0.0004 0.923   0.2059  0.00811  0.156 0.189 0.069  0.085
  349  0.0004 0.923   0.2055  0.00811  0.160 0.190 0.135  0.070
  350  0.0004 0.923   0.2048  0.00809  0.247 0.318 0.159  0.065
  351  0.0004 0.924   0.2045  0.00809  0.218 0.292 0.146  0.056
  352  0.0004 0.924   0.2037  0.00807  0.223 0.261 0.190  0.048
  353  0.0004 0.925   0.2021  0.00804  0.206 0.260 0.116  0.086
  354  0.0004 0.925   0.2014  0.00803  0.294 0.360 0.248  0.063
  355  0.0004 0.925   0.2007  0.00801  0.257 0.326 0.162  0.082
  356  0.0004 0.926   0.2002    0.008  0.215 0.289 0.135  0.069
  357  0.0004 0.926   0.1998  0.00799  0.248 0.332 0.205  0.057
  358  0.0004 0.926   0.1994  0.00799  0.257 0.335 0.185  0.057
  359  0.0004 0.927   0.1988  0.00797  0.249 0.291 0.198  0.058
  360  0.0004 0.927   0.1972  0.00794  0.317 0.359 0.260  0.039
  361  0.0004 0.927   0.1968  0.00793  0.270 0.312 0.223  0.043
  362  0.0004 0.928   0.1946  0.00789  0.273 0.348 0.246  0.039
  363  0.0004 0.928   0.1945  0.00789  0.248 0.292 0.221  0.049
  364  0.0003 0.928   0.1935  0.00787  0.262 0.323 0.218  0.038
  365  0.0003 0.929    0.193  0.00786  0.229 0.322 0.212  0.069
  366  0.0003 0.929    0.192  0.00784  0.275 0.330 0.228  0.040
  367  0.0003 0.929   0.1907  0.00781  0.256 0.351 0.193  0.051
  368  0.0003 0.930   0.1902   0.0078  0.270 0.350 0.233  0.065
  369  0.0003 0.930   0.1898  0.00779  0.245 0.314 0.161  0.058
  370  0.0003 0.931    0.189  0.00778  0.282 0.366 0.219  0.051
  371  0.0003 0.931   0.1885  0.00776  0.258 0.340 0.250  0.041
  372  0.0003 0.931   0.1871  0.00774  0.241 0.307 0.185  0.075
  373  0.0003 0.932    0.186  0.00771  0.296 0.378 0.233  0.046
  374  0.0003 0.932   0.1849  0.00769  0.177 0.210 0.145  0.053
  375  0.0003 0.932   0.1844  0.00768  0.168 0.237 0.234  0.070
  376  0.0003 0.933   0.1839  0.00767  0.255 0.336 0.221  0.049
  377  0.0003 0.933   0.1831  0.00765  0.238 0.301 0.215  0.059
  378  0.0003 0.933   0.1825  0.00764  0.306 0.382 0.270  0.044
  379  0.0003 0.934    0.182  0.00763  0.245 0.293 0.215  0.050
  380  0.0003 0.934   0.1809  0.00761  0.248 0.339 0.228  0.053
  381  0.0003 0.934   0.1805   0.0076  0.286 0.347 0.280  0.049
  382  0.0003 0.934   0.1784  0.00755  0.279 0.362 0.223  0.054
  383  0.0003 0.935   0.1775  0.00753  0.248 0.295 0.220  0.049
  384  0.0003 0.935   0.1767  0.00752  0.280 0.329 0.243  0.038
  385  0.0003 0.935   0.1758   0.0075  0.267 0.320 0.214  0.047
  386  0.0003 0.936   0.1753  0.00749  0.267 0.332 0.202  0.041
  387  0.0003 0.936   0.1751  0.00748  0.269 0.351 0.238  0.045
  388  0.0003 0.936   0.1748  0.00748  0.265 0.349 0.257  0.045
  389  0.0003 0.937   0.1733  0.00744  0.278 0.361 0.295  0.037
  390  0.0003 0.937   0.1726  0.00743  0.214 0.261 0.168  0.065
  391  0.0003 0.937   0.1716  0.00741  0.274 0.351 0.260  0.037
  392  0.0003 0.938   0.1713   0.0074  0.294 0.380 0.242  0.056
  393  0.0003 0.938   0.1708  0.00739  0.264 0.325 0.242  0.045
  394  0.0003 0.938   0.1707  0.00739  0.280 0.360 0.261  0.041
  395  0.0003 0.939   0.1704  0.00738  0.252 0.335 0.199  0.060
  396  0.0003 0.939   0.1692  0.00736  0.217 0.274 0.217  0.034
  397  0.0003 0.939   0.1687  0.00735  0.173 0.210 0.173  0.043
  398  0.0003 0.939   0.1686  0.00734  0.207 0.278 0.163  0.061
  399  0.0003 0.940   0.1681  0.00733  0.241 0.322 0.247  0.044
  400  0.0003 0.940   0.1675  0.00732  0.260 0.305 0.232  0.044
  401  0.0003 0.940   0.1664  0.00729  0.241 0.271 0.214  0.044
  402  0.0003 0.941   0.1661  0.00729  0.186 0.243 0.152  0.065
  403  0.0003 0.941   0.1655  0.00727  0.254 0.348 0.228  0.058
  404  0.0003 0.941   0.1645  0.00725  0.211 0.272 0.190  0.049
  405  0.0003 0.942   0.1634  0.00723  0.196 0.277 0.139  0.089
  406  0.0003 0.942   0.1627  0.00721  0.182 0.238 0.137  0.086
  407  0.0003 0.942   0.1625  0.00721  0.212 0.280 0.233  0.043
  408  0.0003 0.942   0.1617  0.00719  0.229 0.294 0.238  0.058
  409  0.0003 0.943   0.1614  0.00718  0.204 0.258 0.201  0.047
  410  0.0003 0.943   0.1609  0.00717  0.221 0.290 0.213  0.037
  411  0.0003 0.943   0.1603  0.00716  0.203 0.262 0.198  0.059
  412  0.0003 0.944   0.1599  0.00715  0.228 0.293 0.240  0.040
  413  0.0003 0.944   0.1591  0.00713  0.195 0.261 0.196  0.050
  414  0.0003 0.944   0.1588  0.00713  0.217 0.303 0.197  0.061
  415  0.0003 0.944   0.1586  0.00712  0.237 0.316 0.223  0.045
  416  0.0003 0.945   0.1582  0.00711  0.234 0.315 0.219  0.044
  417  0.0003 0.945   0.1567  0.00708  0.220 0.266 0.213  0.050
  418  0.0003 0.945   0.1561  0.00707  0.218 0.272 0.207  0.050
  419  0.0003 0.946   0.1559  0.00706  0.193 0.251 0.206  0.041
  420  0.0003 0.946   0.1551  0.00704  0.182 0.217 0.186  0.049
  421  0.0003 0.946   0.1532    0.007  0.223 0.295 0.195  0.044
  422  0.0003 0.946   0.1528  0.00699  0.279 0.370 0.218  0.052
  423  0.0003 0.947   0.1523  0.00698  0.277 0.335 0.272  0.033
  424  0.0003 0.947   0.1516  0.00696  0.170 0.234 0.164  0.049
  425  0.0003 0.947   0.1512  0.00695  0.186 0.232 0.203  0.052
  426  0.0003 0.948   0.1506  0.00694  0.242 0.314 0.213  0.053
  427  0.0003 0.948     0.15  0.00693  0.161 0.219 0.134  0.066
  428  0.0003 0.948   0.1496  0.00692  0.235 0.326 0.200  0.044
  429  0.0003 0.948   0.1494  0.00691  0.180 0.252 0.181  0.055
  430  0.0003 0.949   0.1481  0.00688  0.215 0.293 0.163  0.061
  431  0.0003 0.949   0.1475  0.00687  0.219 0.313 0.168  0.063
  432  0.0003 0.949   0.1466  0.00685  0.255 0.330 0.225  0.046
  433  0.0003 0.949   0.1461  0.00683  0.234 0.295 0.208  0.046
  434  0.0003 0.950   0.1454  0.00682  0.259 0.330 0.237  0.045
  435  0.0003 0.950   0.1449  0.00681  0.252 0.294 0.264  0.036
  436  0.0003 0.950   0.1447   0.0068  0.180 0.252 0.150  0.068
  437  0.0003 0.950   0.1441  0.00679  0.184 0.267 0.148  0.052
  438  0.0003 0.951   0.1439  0.00678  0.231 0.292 0.207  0.052
  439  0.0003 0.951   0.1428  0.00676  0.182 0.254 0.165  0.069
  440  0.0003 0.951   0.1426  0.00675  0.213 0.277 0.222  0.036
  441  0.0003 0.951   0.1422  0.00674  0.235 0.328 0.268  0.040
  442  0.0003 0.952   0.1407  0.00671  0.189 0.244 0.177  0.048
  443  0.0003 0.952   0.1402   0.0067  0.239 0.323 0.230  0.046
  444  0.0003 0.952   0.1394  0.00668  0.233 0.323 0.246  0.037
  445  0.0003 0.952   0.1392  0.00667  0.238 0.334 0.209  0.046
  446  0.0003 0.953   0.1388  0.00666  0.166 0.224 0.141  0.062
  447  0.0002 0.953   0.1384  0.00665  0.201 0.265 0.168  0.060
  448  0.0002 0.953    0.138  0.00664  0.186 0.239 0.157  0.069
  449  0.0002 0.953   0.1375  0.00663  0.235 0.316 0.216  0.050
  450  0.0002 0.954   0.1369  0.00662  0.200 0.267 0.161  0.076
  451  0.0002 0.954   0.1359  0.00659  0.234 0.337 0.188  0.056
  452  0.0002 0.954   0.1353  0.00658  0.124 0.170 0.113  0.062
  453  0.0002 0.954   0.1346  0.00656  0.217 0.297 0.178  0.041
  454  0.0002 0.955   0.1345  0.00656  0.196 0.271 0.190  0.052
  455  0.0002 0.955   0.1341  0.00655  0.255 0.336 0.239  0.041
  456  0.0002 0.955   0.1339  0.00654  0.208 0.282 0.233  0.047
  457  0.0002 0.955   0.1334  0.00653  0.244 0.315 0.241  0.033
  458  0.0002 0.956   0.1327  0.00651  0.254 0.366 0.256  0.040
  459  0.0002 0.956   0.1323  0.00651  0.283 0.365 0.293  0.040
  460  0.0002 0.956   0.1321   0.0065  0.228 0.311 0.210  0.046
  461  0.0002 0.956   0.1312  0.00648  0.275 0.357 0.275  0.033
  462  0.0002 0.957   0.1308  0.00647  0.199 0.245 0.187  0.053
  463  0.0002 0.957   0.1306  0.00646  0.224 0.303 0.187  0.063
  464  0.0002 0.957   0.1298  0.00644  0.179 0.236 0.196  0.042
  465  0.0002 0.957   0.1295  0.00644  0.267 0.322 0.291  0.033
  466  0.0002 0.958   0.1287  0.00642  0.293 0.379 0.308  0.034
  467  0.0002 0.958   0.1281   0.0064  0.244 0.320 0.207  0.040
  468  0.0002 0.958   0.1274  0.00638  0.250 0.335 0.256  0.042
  469  0.0002 0.958   0.1271  0.00638  0.125 0.162 0.106  0.063
  470  0.0002 0.958   0.1256  0.00634  0.052 0.092 0.033  0.147
  471  0.0002 0.959   0.1251  0.00633  0.204 0.283 0.211  0.049
  472  0.0002 0.959   0.1247  0.00631  0.237 0.333 0.242  0.050
  473  0.0002 0.959   0.1242   0.0063  0.246 0.310 0.281  0.033
  474  0.0002 0.959    0.124   0.0063  0.241 0.306 0.240  0.051
  475  0.0002 0.960   0.1233  0.00628  0.218 0.291 0.224  0.049
  476  0.0002 0.960   0.1226  0.00626  0.270 0.359 0.276  0.037
  477  0.0002 0.960   0.1218  0.00624  0.195 0.251 0.190  0.056
  478  0.0002 0.960   0.1215  0.00623  0.212 0.274 0.233  0.038
  479  0.0002 0.960   0.1212  0.00622  0.204 0.255 0.184  0.040
  480  0.0002 0.961   0.1203   0.0062  0.175 0.246 0.182  0.042
  481  0.0002 0.961   0.1194  0.00618  0.189 0.272 0.184  0.048
  482  0.0002 0.961    0.119  0.00617  0.174 0.236 0.165  0.047
  483  0.0002 0.961    0.119  0.00617  0.200 0.264 0.211  0.048
  484  0.0002 0.962   0.1185  0.00616  0.039 0.060 0.028  0.089
  485  0.0002 0.962   0.1184  0.00615  0.143 0.210 0.165  0.042
  486  0.0002 0.962    0.117  0.00612  0.192 0.247 0.192  0.044
  487  0.0002 0.962   0.1165   0.0061  0.222 0.301 0.216  0.051
  488  0.0002 0.962   0.1162   0.0061  0.205 0.264 0.235  0.037
  489  0.0002 0.963   0.1157  0.00608  0.165 0.235 0.154  0.044
  490  0.0002 0.963   0.1151  0.00607  0.215 0.304 0.185  0.058
  491  0.0002 0.963   0.1147  0.00606  0.106 0.181 0.093  0.077
  492  0.0002 0.963   0.1145  0.00605  0.170 0.260 0.154  0.078
  493  0.0002 0.963   0.1137  0.00603  0.207 0.252 0.254  0.050
  494  0.0002 0.964   0.1132  0.00602  0.167 0.225 0.197  0.039
  495  0.0002 0.964    0.112  0.00598  0.218 0.305 0.267  0.038
  496  0.0002 0.964   0.1119  0.00598  0.156 0.217 0.204  0.045
  497  0.0002 0.964   0.1118  0.00598  0.166 0.220 0.181  0.049
  498  0.0002 0.964   0.1115  0.00597  0.169 0.259 0.173  0.046
  499  0.0002 0.965   0.1108  0.00595  0.150 0.210 0.169  0.046
  500  0.0002 0.965   0.1097  0.00592  0.123 0.170 0.115  0.067
  501  0.0002 0.965   0.1093  0.00591  0.198 0.269 0.248  0.051
  502  0.0002 0.965   0.1087   0.0059  0.183 0.252 0.197  0.046
  503  0.0002 0.965   0.1081  0.00588  0.180 0.236 0.196  0.040
  504  0.0002 0.966   0.1078  0.00587  0.188 0.247 0.221  0.045
  505  0.0002 0.966   0.1077  0.00587  0.196 0.238 0.228  0.036
  506  0.0002 0.966   0.1073  0.00586  0.250 0.313 0.255  0.041
  507  0.0002 0.966    0.107  0.00585  0.226 0.292 0.225  0.044
  508  0.0002 0.966   0.1059  0.00582  0.209 0.267 0.201  0.058
  509  0.0002 0.967   0.1051   0.0058  0.148 0.204 0.157  0.044
  510  0.0002 0.967   0.1049  0.00579  0.155 0.193 0.183  0.043
  511  0.0002 0.967   0.1047  0.00579  0.180 0.219 0.222  0.038
  512  0.0002 0.967   0.1031  0.00574  0.171 0.213 0.202  0.051
  513  0.0002 0.967   0.1025  0.00572  0.142 0.174 0.152  0.041
  514  0.0002 0.967   0.1022  0.00572  0.141 0.192 0.158  0.060
  515  0.0002 0.968   0.1015   0.0057  0.157 0.204 0.168  0.045
  516  0.0002 0.968   0.1012  0.00569  0.177 0.239 0.220  0.042
  517  0.0002 0.968   0.1001  0.00566  0.151 0.214 0.203  0.045
  518  0.0002 0.968  0.09983  0.00565  0.173 0.250 0.227  0.041
  519  0.0002 0.968  0.09971  0.00565  0.191 0.270 0.224  0.039
  520  0.0002 0.969  0.09956  0.00564  0.182 0.246 0.202  0.038
  521  0.0002 0.969  0.09928  0.00563  0.176 0.253 0.208  0.049
  522  0.0002 0.969  0.09878  0.00562  0.180 0.252 0.224  0.048
  523  0.0002 0.969  0.09839  0.00561  0.193 0.236 0.244  0.039
  524  0.0002 0.969  0.09791   0.0056  0.149 0.208 0.200  0.052
  525  0.0002 0.969  0.09766  0.00559  0.097 0.143 0.154  0.051
  526  0.0002 0.970  0.09656  0.00556  0.240 0.306 0.283  0.031
  527  0.0002 0.970  0.09638  0.00555  0.224 0.284 0.273  0.034
  528  0.0002 0.970  0.09603  0.00554  0.178 0.215 0.209  0.048
  529  0.0002 0.970  0.09548  0.00553  0.207 0.279 0.262  0.038
  530  0.0002 0.970  0.09484  0.00551  0.229 0.282 0.273  0.031
  531  0.0002 0.970  0.09477  0.00551  0.217 0.292 0.256  0.034
  532  0.0002 0.971  0.09454   0.0055  0.228 0.288 0.245  0.034
  533  0.0002 0.971  0.09413  0.00549  0.228 0.310 0.255  0.039
  534  0.0002 0.971  0.09341  0.00547  0.233 0.304 0.249  0.029
  535  0.0002 0.971  0.09332  0.00546  0.213 0.273 0.213  0.036
  536  0.0002 0.971  0.09295  0.00545  0.186 0.249 0.222  0.053
  537  0.0002 0.971   0.0928  0.00545  0.047 0.067 0.059  0.096
  538  0.0002 0.972   0.0923  0.00543  0.204 0.263 0.212  0.029
  539  0.0002 0.972  0.09204  0.00543  0.206 0.245 0.220  0.046
  540  0.0002 0.972   0.0914  0.00541  0.117 0.165 0.148  0.046
  541  0.0002 0.972  0.09112   0.0054  0.180 0.242 0.224  0.031
  542  0.0002 0.972  0.09101  0.00539  0.145 0.190 0.180  0.040
  543  0.0002 0.972  0.09048  0.00538  0.122 0.167 0.129  0.076
  544  0.0002 0.973   0.0901  0.00537  0.119 0.152 0.146  0.053
  545  0.0002 0.973  0.08942  0.00535  0.150 0.181 0.159  0.059
  546  0.0002 0.973  0.08919  0.00534  0.181 0.231 0.203  0.035
  547  0.0002 0.973  0.08834  0.00532  0.143 0.202 0.143  0.057
  548  0.0002 0.973  0.08797   0.0053  0.163 0.219 0.144  0.041
  549  0.0002 0.973  0.08788   0.0053  0.155 0.185 0.135  0.033
  550  0.0002 0.974  0.08714  0.00528  0.153 0.205 0.159  0.052
  551  0.0002 0.974  0.08691  0.00527  0.212 0.281 0.216  0.051
  552  0.0002 0.974  0.08664  0.00526  0.214 0.272 0.218  0.048
  553  0.0002 0.974  0.08635  0.00525  0.121 0.154 0.145  0.042
  554  0.0002 0.974  0.08579  0.00524  0.163 0.218 0.186  0.042
  555  0.0002 0.974  0.08562  0.00523  0.093 0.123 0.093  0.071
  556  0.0002 0.975  0.08508  0.00522  0.163 0.226 0.181  0.049
  557  0.0002 0.975  0.08481  0.00521  0.167 0.227 0.213  0.051
  558  0.0002 0.975  0.08427  0.00519  0.169 0.227 0.255  0.036
  559  0.0002 0.975   0.0839  0.00518  0.085 0.112 0.085  0.060
  560  0.0002 0.975  0.08376  0.00518  0.177 0.234 0.176  0.055
  561  0.0002 0.975  0.08339  0.00516  0.188 0.256 0.223  0.045
  562  0.0001 0.975  0.08295  0.00515  0.180 0.234 0.237  0.039
  563  0.0001 0.976  0.08282  0.00515  0.187 0.228 0.199  0.039
  564  0.0001 0.976  0.08192  0.00512  0.143 0.185 0.163  0.043
  565  0.0001 0.976  0.08186  0.00512  0.108 0.157 0.162  0.043
  566  0.0001 0.976  0.08173  0.00511  0.143 0.172 0.178  0.038
  567  0.0001 0.976  0.08156  0.00511  0.134 0.183 0.155  0.051
  568  0.0001 0.976  0.08111  0.00509  0.148 0.188 0.199  0.035
  569  0.0001 0.976  0.08084  0.00508  0.148 0.195 0.185  0.037
  570  0.0001 0.977   0.0804  0.00507  0.170 0.217 0.203  0.040
  571  0.0001 0.977  0.07997  0.00506  0.086 0.114 0.108  0.061
  572  0.0001 0.977  0.07934  0.00504  0.108 0.147 0.096  0.057
  573  0.0001 0.977  0.07868  0.00502  0.142 0.202 0.158  0.049
  574  0.0001 0.977  0.07861  0.00501  0.117 0.155 0.147  0.045
  575  0.0001 0.977  0.07809    0.005  0.188 0.266 0.216  0.037
  576  0.0001 0.977  0.07798  0.00499  0.131 0.180 0.143  0.056
  577  0.0001 0.978   0.0775  0.00498  0.119 0.167 0.124  0.048
  578  0.0001 0.978  0.07735  0.00497  0.066 0.082 0.060  0.076
  579  0.0001 0.978  0.07685  0.00496  0.126 0.164 0.152  0.045
  580  0.0001 0.978  0.07638  0.00494  0.090 0.115 0.116  0.039
  581  0.0001 0.978  0.07625  0.00494  0.109 0.147 0.150  0.038
  582  0.0001 0.978  0.07616  0.00494  0.095 0.124 0.096  0.055
  583  0.0001 0.978  0.07571  0.00492  0.143 0.202 0.169  0.037
  584  0.0001 0.979  0.07528  0.00491  0.111 0.143 0.147  0.050
  585  0.0001 0.979  0.07475  0.00489  0.130 0.160 0.157  0.035
  586  0.0001 0.979  0.07433  0.00488  0.158 0.221 0.199  0.035
  587  0.0001 0.979   0.0743  0.00487  0.141 0.209 0.170  0.045
  588  0.0001 0.979  0.07367  0.00485  0.196 0.241 0.212  0.031
  589  0.0001 0.979  0.07334  0.00484  0.101 0.145 0.142  0.043
  590  0.0001 0.979  0.07329  0.00484  0.128 0.184 0.158  0.051
  591  0.0001 0.979  0.07311  0.00484  0.242 0.323 0.258  0.032
  592  0.0001 0.980   0.0728  0.00483  0.160 0.210 0.212  0.043
  593  0.0001 0.980  0.07237  0.00481  0.146 0.184 0.171  0.046
  594  0.0001 0.980  0.07206   0.0048  0.151 0.197 0.180  0.044
  595  0.0001 0.980  0.07192   0.0048  0.234 0.305 0.269  0.030
  596  0.0001 0.980  0.07189  0.00479  0.118 0.156 0.118  0.064
  597  0.0001 0.980  0.07154  0.00478  0.083 0.104 0.085  0.068
  598  0.0001 0.980  0.07129  0.00477  0.066 0.086 0.066  0.077
  599  0.0001 0.981  0.07114  0.00477  0.172 0.204 0.223  0.038
  600  0.0001 0.981  0.07112  0.00477  0.149 0.192 0.194  0.035
  601  0.0001 0.981  0.07096  0.00476  0.155 0.189 0.201  0.034
  602  0.0001 0.981  0.07071  0.00476  0.116 0.169 0.132  0.049
  603  0.0001 0.981  0.07035  0.00474  0.106 0.159 0.116  0.067
  604  0.0001 0.981  0.07002  0.00473  0.118 0.174 0.120  0.068
  605  0.0001 0.981  0.06957  0.00472  0.167 0.229 0.201  0.048
  606  0.0001 0.981  0.06952  0.00472  0.155 0.212 0.222  0.045
  607  0.0001 0.982  0.06931  0.00471  0.122 0.157 0.146  0.052
  608  0.0001 0.982  0.06905   0.0047  0.104 0.143 0.144  0.038
  609  0.0001 0.982  0.06876  0.00469  0.162 0.205 0.206  0.034
  610  0.0001 0.982  0.06867  0.00469  0.146 0.206 0.253  0.039
  611  0.0001 0.982  0.06836  0.00468  0.074 0.100 0.070  0.088
  612  0.0001 0.982  0.06796  0.00466  0.076 0.107 0.076  0.078
  613  0.0001 0.982  0.06768  0.00465  0.099 0.131 0.144  0.040
  614  0.0001 0.982  0.06724  0.00464  0.074 0.099 0.094  0.054
  615  0.0001 0.983  0.06714  0.00463  0.091 0.110 0.121  0.036
  616  0.0001 0.983  0.06695  0.00463  0.084 0.121 0.114  0.050
  617  0.0001 0.983  0.06679  0.00462  0.088 0.112 0.115  0.035
  618  0.0001 0.983  0.06633  0.00461  0.121 0.193 0.149  0.058
  619  0.0001 0.983  0.06627   0.0046  0.114 0.151 0.164  0.043
  620  0.0001 0.983   0.0662   0.0046  0.124 0.189 0.159  0.055
  621  0.0001 0.983   0.0657  0.00458  0.102 0.144 0.121  0.055
  622  0.0001 0.983  0.06567  0.00458  0.110 0.149 0.119  0.058
  623  0.0001 0.983  0.06553  0.00458  0.134 0.191 0.144  0.055
  624  0.0001 0.984  0.06513  0.00456  0.156 0.217 0.213  0.034
  625  0.0001 0.984  0.06495  0.00456  0.051 0.064 0.066  0.071
  626  0.0001 0.984   0.0647  0.00455  0.113 0.157 0.139  0.040
  627  0.0001 0.984  0.06458  0.00454  0.113 0.179 0.181  0.054
  628  0.0001 0.984  0.06441  0.00454  0.089 0.131 0.105  0.059
  629  0.0001 0.984  0.06425  0.00453  0.101 0.150 0.124  0.048
  630  0.0001 0.984  0.06416  0.00453  0.149 0.190 0.198  0.036
  631  0.0001 0.984  0.06352  0.00451  0.117 0.141 0.174  0.043
  632  0.0001 0.985  0.06333   0.0045  0.101 0.131 0.132  0.055
  633  0.0001 0.985  0.06297  0.00449  0.160 0.196 0.230  0.040
  634  0.0001 0.985   0.0629  0.00448  0.142 0.191 0.220  0.037
  635  0.0001 0.985  0.06269  0.00448  0.139 0.178 0.158  0.042
  636  0.0001 0.985  0.06253  0.00447  0.115 0.154 0.175  0.043
  637  0.0001 0.985  0.06236  0.00447  0.059 0.072 0.071  0.062
  638  0.0001 0.985  0.06233  0.00446  0.111 0.138 0.137  0.041
  639  0.0001 0.985  0.06211  0.00446  0.102 0.136 0.188  0.038
  640  0.0001 0.985  0.06185  0.00445  0.095 0.135 0.158  0.032
  641  0.0001 0.986  0.06165  0.00444  0.134 0.181 0.178  0.031
  642  0.0001 0.986  0.06152  0.00444  0.071 0.116 0.089  0.081
  643  0.0001 0.986  0.06124  0.00443  0.114 0.143 0.130  0.042
  644  0.0001 0.986  0.06108  0.00442  0.097 0.137 0.139  0.039
  645  0.0001 0.986  0.06094  0.00441  0.130 0.168 0.139  0.051
  646  0.0001 0.986  0.06058   0.0044  0.059 0.075 0.085  0.078
  647  0.0001 0.986  0.06039  0.00439  0.096 0.127 0.123  0.070
  648  0.0001 0.986   0.0603  0.00439  0.032 0.051 0.060  0.051
  649  0.0001 0.986  0.06006  0.00438  0.155 0.207 0.177  0.045
  650  0.0001 0.987  0.05969  0.00437  0.094 0.126 0.129  0.039
  651  0.0001 0.987  0.05944  0.00436  0.035 0.057 0.064  0.065
  652  0.0001 0.987  0.05911  0.00435  0.067 0.089 0.080  0.072
  653  0.0001 0.987  0.05909  0.00435  0.067 0.073 0.113  0.044
  654  0.0001 0.987  0.05902  0.00434  0.029 0.049 0.041  0.084
  655  0.0001 0.987  0.05889  0.00434  0.033 0.045 0.036  0.079
  656  0.0001 0.987  0.05877  0.00434  0.104 0.160 0.140  0.048
  657  0.0001 0.987  0.05823  0.00432  0.081 0.122 0.111  0.051
  658  0.0001 0.987  0.05795   0.0043  0.106 0.129 0.138  0.051
  659  0.0001 0.987  0.05789   0.0043  0.197 0.263 0.255  0.031
  660  0.0001 0.988  0.05783   0.0043  0.112 0.152 0.164  0.042
  661  0.0001 0.988  0.05727  0.00428  0.155 0.212 0.187  0.041
  662  0.0001 0.988  0.05717  0.00428  0.097 0.127 0.144  0.039
  663  0.0001 0.988   0.0571  0.00427  0.139 0.214 0.213  0.042
  664  0.0001 0.988  0.05672  0.00426  0.043 0.062 0.044  0.070
  665  0.0001 0.988  0.05649  0.00425  0.099 0.151 0.126  0.060
  666  0.0001 0.988  0.05621  0.00424  0.097 0.147 0.129  0.039
  667  0.0001 0.988  0.05618  0.00424  0.044 0.073 0.057  0.075
  668  0.0001 0.988  0.05607  0.00423  0.067 0.106 0.119  0.047
  669  0.0001 0.988   0.0559  0.00423  0.110 0.153 0.113  0.052
  670  0.0001 0.989  0.05585  0.00423  0.089 0.126 0.116  0.053
  671  0.0001 0.989  0.05572  0.00422  0.107 0.148 0.155  0.037
  672  0.0001 0.989  0.05558  0.00422  0.034 0.024 0.047  0.071
  673  0.0001 0.989  0.05537  0.00421  0.109 0.163 0.152  0.035
  674  0.0001 0.989   0.0553  0.00421  0.115 0.155 0.153  0.038
  675  0.0001 0.989  0.05521   0.0042  0.067 0.094 0.105  0.059
  676  0.0001 0.989   0.0548  0.00419  0.068 0.110 0.082  0.053
  677  0.0001 0.989  0.05466  0.00418  0.066 0.100 0.101  0.065
  678  0.0001 0.989  0.05432  0.00417  0.067 0.063 0.075  0.076
  679  0.0001 0.989   0.0543  0.00417  0.115 0.176 0.151  0.067
  680  0.0001 0.990  0.05409  0.00416  0.067 0.104 0.114  0.041
  681  0.0001 0.990  0.05404  0.00416  0.078 0.137 0.090  0.053
  682  0.0001 0.990  0.05362  0.00414  0.067 0.071 0.075  0.056
  683  0.0001 0.990  0.05354  0.00414  0.052 0.083 0.065  0.077
  684  0.0001 0.990  0.05337  0.00413  0.071 0.105 0.093  0.060
  685  0.0001 0.990  0.05305  0.00412  0.083 0.109 0.104  0.042
  686  0.0001 0.990  0.05257   0.0041  0.045 0.074 0.075  0.050
  687  0.0001 0.990  0.05251   0.0041  0.118 0.187 0.129  0.041
  688  0.0001 0.990  0.05246   0.0041  0.115 0.187 0.162  0.043
  689  0.0001 0.990  0.05236  0.00409  0.042 0.060 0.056  0.065
  690  0.0001 0.991  0.05206  0.00408  0.063 0.089 0.088  0.049
  691  0.0001 0.991  0.05169  0.00407  0.101 0.150 0.196  0.036
  692  0.0001 0.991  0.05166  0.00406  0.057 0.079 0.067  0.048
  693  0.0001 0.991  0.05111  0.00404  0.054 0.081 0.072  0.049
  694  0.0001 0.991  0.05083  0.00403  0.042 0.070 0.055  0.068
  695  0.0001 0.991  0.05068  0.00403  0.044 0.059 0.072  0.061
  696  0.0001 0.991  0.05057  0.00402  0.051 0.096 0.080  0.057
  697  0.0001 0.991  0.05005    0.004  0.106 0.169 0.134  0.033
  698  0.0001 0.991  0.04988  0.00399  0.112 0.164 0.139  0.054
  699  0.0001 0.991  0.04981  0.00399  0.066 0.100 0.091  0.052
  700  0.0001 0.991  0.04949  0.00398  0.074 0.106 0.095  0.043
  701  0.0001 0.992  0.04947  0.00398  0.018 0.026 0.026  0.095
  702  0.0001 0.992  0.04942  0.00398  0.035 0.058 0.037  0.067
  703  0.0001 0.992  0.04924  0.00397  0.068 0.102 0.073  0.049
  704  0.0001 0.992  0.04906  0.00396  0.053 0.083 0.083  0.057
  705  0.0001 0.992  0.04897  0.00396  0.110 0.177 0.143  0.040
  706  0.0001 0.992   0.0489  0.00395  0.140 0.213 0.191  0.041
  707  0.0001 0.992  0.04885  0.00395  0.117 0.182 0.151  0.043
  708  0.0001 0.992  0.04833  0.00393  0.119 0.188 0.161  0.034
  709  0.0001 0.992  0.04826  0.00393  0.011 0.020 0.014  0.087
  710  0.0001 0.992  0.04818  0.00393  0.103 0.163 0.147  0.044
  711  0.0001 0.992  0.04792  0.00391  0.048 0.075 0.061  0.059
  712  0.0001 0.993  0.04778  0.00391  0.059 0.094 0.091  0.060
  713  0.0001 0.993   0.0474  0.00389  0.076 0.114 0.099  0.050
  714  0.0001 0.993  0.04722  0.00389  0.093 0.137 0.128  0.039
  715  0.0001 0.993  0.04687  0.00387  0.109 0.154 0.144  0.032
  716  0.0001 0.993  0.04663  0.00386  0.087 0.134 0.132  0.045
  717  0.0001 0.993  0.04654  0.00386  0.046 0.070 0.070  0.045
  718  0.0001 0.993  0.04629  0.00385  0.077 0.113 0.109  0.035
  719  0.0001 0.993  0.04622  0.00384  0.028 0.044 0.043  0.054
  720  0.0001 0.993   0.0459  0.00383  0.122 0.179 0.160  0.035
  721  0.0001 0.993  0.04548  0.00381  0.127 0.176 0.190  0.034
  722  0.0001 0.993  0.04535  0.00381  0.029 0.044 0.036  0.069
  723  0.0001 0.993  0.04509   0.0038  0.106 0.144 0.150  0.032
  724  0.0001 0.994  0.04493  0.00379  0.059 0.088 0.080  0.059
  725  0.0001 0.994  0.04476  0.00378  0.067 0.091 0.095  0.041
  726  0.0001 0.994  0.04452  0.00377  0.047 0.054 0.081  0.044
  727  0.0001 0.994  0.04425  0.00376  0.076 0.107 0.114  0.042
  728  0.0001 0.994  0.04394  0.00375  0.046 0.057 0.068  0.040
  729  0.0001 0.994  0.04382  0.00374  0.097 0.136 0.136  0.033
  730  0.0001 0.994  0.04332  0.00372  0.094 0.147 0.112  0.036
  731  0.0001 0.994  0.04331  0.00372  0.073 0.093 0.105  0.034
  732  0.0001 0.994  0.04319  0.00372  0.031 0.046 0.038  0.063
  733  0.0001 0.994  0.04299  0.00371  0.055 0.097 0.082  0.051
  734  0.0001 0.994  0.04295  0.00371  0.042 0.076 0.073  0.056
  735  0.0001 0.994   0.0428   0.0037  0.052 0.085 0.076  0.053
  736  0.0001 0.994   0.0427   0.0037  0.061 0.098 0.094  0.039
  737  0.0001 0.995  0.04261  0.00369  0.023 0.038 0.024  0.077
  738  0.0001 0.995  0.04205  0.00367  0.086 0.128 0.145  0.033
  739  0.0001 0.995  0.04194  0.00366  0.114 0.185 0.177  0.034
  740  0.0001 0.995  0.04181  0.00366  0.105 0.168 0.167  0.035
  741  0.0001 0.995  0.04162  0.00365  0.036 0.060 0.044  0.057
  742  0.0001 0.995  0.04148  0.00364  0.059 0.099 0.087  0.058
  743  0.0001 0.995  0.04145  0.00364  0.082 0.119 0.123  0.033
  744  0.0001 0.995  0.04129  0.00363  0.020 0.041 0.029  0.071
  745  0.0001 0.995  0.04117  0.00363  0.062 0.089 0.082  0.045
  746  0.0001 0.995  0.04089  0.00362  0.068 0.094 0.076  0.058
  747  0.0001 0.995  0.04083  0.00361  0.093 0.150 0.128  0.043
  748  0.0001 0.995  0.04059   0.0036  0.055 0.091 0.070  0.069
  749  0.0001 0.995  0.04002  0.00358  0.114 0.187 0.160  0.033
  750  0.0001 0.995  0.03991  0.00357  0.128 0.185 0.179  0.023
  751  0.0001 0.996  0.03982  0.00357  0.123 0.180 0.135  0.038
  752  0.0001 0.996  0.03978  0.00357  0.083 0.139 0.112  0.047
  753  0.0001 0.996  0.03946  0.00355  0.045 0.067 0.058  0.052
  754  0.0001 0.996  0.03937  0.00355  0.027 0.038 0.047  0.058
  755  0.0001 0.996   0.0393  0.00354  0.109 0.165 0.158  0.044
  756  0.0001 0.996  0.03913  0.00354  0.029 0.053 0.050  0.074
  757  0.0001 0.996  0.03908  0.00354  0.034 0.056 0.057  0.051
  758  0.0001 0.996  0.03871  0.00352  0.071 0.096 0.110  0.036
  759  0.0001 0.996  0.03861  0.00351  0.059 0.080 0.100  0.042
  760  0.0001 0.996  0.03823   0.0035  0.043 0.079 0.053  0.055
  761  0.0001 0.996   0.0381  0.00349  0.043 0.058 0.047  0.061
  762  0.0001 0.996  0.03778  0.00348  0.134 0.204 0.178  0.027
  763  0.0001 0.996   0.0377  0.00347  0.129 0.198 0.161  0.039
  764  0.0001 0.996  0.03731  0.00345  0.043 0.056 0.052  0.059
  765  0.0001 0.997  0.03713  0.00345  0.073 0.116 0.107  0.031
  766  0.0001 0.997    0.037  0.00344  0.066 0.092 0.083  0.037
  767  0.0001 0.997  0.03679  0.00343  0.036 0.069 0.056  0.048
  768  0.0001 0.997  0.03674  0.00343  0.062 0.100 0.084  0.046
  769  0.0001 0.997  0.03673  0.00343  0.062 0.100 0.085  0.055
  770  0.0001 0.997  0.03638  0.00341  0.036 0.060 0.052  0.067
  771  0.0001 0.997   0.0362   0.0034  0.029 0.049 0.055  0.056
  772  0.0001 0.997  0.03612   0.0034  0.012 0.021 0.021  0.056
  773  0.0001 0.997  0.03596  0.00339  0.043 0.073 0.089  0.048
  774  0.0001 0.997  0.03552  0.00337  0.023 0.038 0.029  0.063
  775  0.0001 0.997  0.03545  0.00337  0.027 0.028 0.043  0.058
  776  0.0001 0.997  0.03523  0.00336  0.054 0.081 0.080  0.042
  777  0.0001 0.997  0.03512  0.00335  0.041 0.055 0.067  0.046
  778  0.0001 0.997  0.03496  0.00334  0.021 0.032 0.035  0.077
  779  0.0001 0.997  0.03494  0.00334  0.011 0.018 0.014  0.092
  780  0.0001 0.997   0.0348  0.00334  0.068 0.100 0.092  0.035
  781  0.0001 0.998  0.03472  0.00333  0.066 0.081 0.093  0.032
  782  0.0001 0.998  0.03448  0.00332  0.039 0.070 0.054  0.045
  783  0.0001 0.998  0.03445  0.00332  0.033 0.054 0.049  0.053
  784  0.0001 0.998  0.03416  0.00331  0.031 0.049 0.055  0.041
  785  0.0001 0.998  0.03409   0.0033  0.010 0.028 0.017  0.091
  786  0.0001 0.998  0.03404   0.0033  0.008 0.012 0.007  0.092
  787  0.0001 0.998  0.03389  0.00329  0.050 0.081 0.059  0.048
  788  0.0001 0.998  0.03377  0.00329  0.063 0.096 0.070  0.051
  789  0.0001 0.998   0.0335  0.00327  0.008 0.018 0.015  0.074
  790  0.0001 0.998  0.03331  0.00326  0.011 0.019 0.014  0.077
  791  0.0001 0.998  0.03304  0.00325  0.013 0.025 0.023  0.058
  792  0.0001 0.998  0.03276  0.00324  0.018 0.025 0.022  0.060
  793  0.0001 0.998  0.03256  0.00323  0.019 0.031 0.030  0.071
  794  0.0001 0.998   0.0321   0.0032  0.052 0.087 0.080  0.034
  795  0.0001 0.998  0.03205   0.0032  0.031 0.045 0.059  0.041
  796  0.0001 0.998   0.0315  0.00317  0.023 0.050 0.049  0.045
  797  0.0001 0.999  0.03146  0.00317  0.007 0.015 0.014  0.069
  798  0.0001 0.999  0.03124  0.00316  0.044 0.078 0.076  0.042
  799  0.0001 0.999  0.03118  0.00316  0.004 0.010 0.007  0.106
  800  0.0001 0.999  0.03108  0.00315  0.010 0.016 0.020  0.064
  801  0.0001 0.999  0.03087  0.00314  0.006 0.009 0.009  0.085
  802  0.0001 0.999  0.03083  0.00314  0.004 0.010 0.008  0.106
  803  0.0001 0.999  0.03068  0.00313  0.010 0.011 0.014  0.062
  804  0.0001 0.999  0.03058  0.00313  0.030 0.053 0.050  0.041
  805  0.0001 0.999  0.03033  0.00311  0.022 0.040 0.039  0.054
  806  0.0001 0.999  0.03013   0.0031  0.010 0.018 0.022  0.079
  807  0.0001 0.999  0.03012   0.0031  0.012 0.029 0.018  0.075
  808  0.0001 0.999  0.03005   0.0031  0.039 0.076 0.064  0.052
  809  0.0001 0.999  0.02984  0.00309  0.037 0.057 0.056  0.044
  810  0.0001 0.999  0.02976  0.00309  0.011 0.013 0.011  0.084
  811  0.0001 0.999  0.02969  0.00308  0.021 0.045 0.046  0.055
  812  0.0001 0.999  0.02935  0.00306  0.036 0.065 0.058  0.046
  813  0.0001 0.999  0.02885  0.00304  0.011 0.017 0.030  0.058
  814  0.0001 0.999  0.02865  0.00303  0.008 0.018 0.020  0.060
  815  0.0001 0.999   0.0283  0.00301  0.005 0.010 0.007  0.076
  816  0.0000 1.000  0.02742  0.00296  0.017 0.041 0.028  0.062
  817  0.0000 1.000  0.02726  0.00295  0.018 0.041 0.027  0.072
  818  0.0000 1.000  0.02667  0.00292  0.004 0.009 0.006  0.102
  819  0.0000 1.000  0.02642  0.00291  0.007 0.011 0.008  0.070
  820  0.0000 1.000  0.02632   0.0029  0.008 0.009 0.009  0.070
  821  0.0000 1.000   0.0263   0.0029  0.004 0.011 0.008  0.081
  822  0.0000 1.000  0.02526  0.00284  0.010 0.019 0.016  0.066
  823  0.0000 1.000  0.02485  0.00282  0.005 0.014 0.014  0.069
  824  0.0000 1.000  0.02459   0.0028  0.005 0.011 0.010  0.076
  825  0.0000 1.000  0.02284   0.0027  0.004 0.006 0.006  0.086
  826  0.0000 1.000  0.02273   0.0027  0.004 0.009 0.007  0.070
