# mean= 0.000251 s.d.= 0.203 thr=-0.41 0.41 SIGMA= 2
#Residue names written in 16PKA_MIN8.0_ALL_PHIPSIPSI.names.dat
#resi resj coupling
0 1 0.758
0 2 0.64
0 3 0.547
0 4 0.432
0 183 0.465
0 184 0.47
0 408 0.408
0 411 0.462
0 412 0.492
0 413 0.506
0 414 0.499
1 2 0.799
1 3 0.64
1 4 0.509
1 5 0.454
1 6 0.457
1 183 0.525
1 184 0.513
1 408 0.423
1 411 0.542
1 412 0.539
1 413 0.552
1 414 0.509
2 3 0.763
2 4 0.655
2 5 0.585
2 6 0.601
2 7 0.515
2 158 0.447
2 182 0.521
2 183 0.639
2 184 0.623
2 411 0.486
2 412 0.586
2 413 0.544
2 414 0.546
3 4 0.835
3 5 0.724
3 6 0.688
3 7 0.58
3 158 0.469
3 159 0.411
3 182 0.449
3 183 0.636
3 184 0.656
3 185 0.528
3 186 0.473
3 189 0.422
3 411 0.413
3 412 0.494
3 413 0.481
3 414 0.499
4 5 0.829
4 6 0.717
4 7 0.674
4 8 0.482
4 44 0.416
4 158 0.509
4 182 0.41
4 183 0.603
4 184 0.625
4 185 0.556
4 186 0.479
4 412 0.424
4 414 0.456
5 6 0.802
5 7 0.668
5 8 0.46
5 44 0.427
5 158 0.427
5 183 0.513
5 184 0.522
5 185 0.493
5 186 0.47
5 414 0.421
6 7 0.8
6 8 0.559
6 9 0.417
6 158 0.439
6 182 0.416
6 183 0.548
6 184 0.516
6 412 0.419
6 413 0.406
6 414 0.464
7 8 0.741
7 9 0.55
7 10 0.424
7 158 0.48
7 182 0.426
7 183 0.562
7 184 0.487
7 414 0.41
8 9 0.758
8 10 0.638
8 11 0.499
8 12 0.511
8 13 0.414
8 14 0.432
8 45 0.417
8 48 0.44
8 49 0.443
8 50 0.427
8 156 0.448
9 10 0.863
9 11 0.653
9 12 0.654
9 13 0.546
9 14 0.532
9 44 0.435
9 45 0.5
9 46 0.468
9 47 0.49
9 48 0.551
9 49 0.595
9 50 0.562
9 51 0.486
9 155 0.416
9 156 0.452
10 11 0.729
10 12 0.667
10 13 0.557
10 14 0.511
10 44 0.43
10 45 0.478
10 46 0.474
10 47 0.485
10 48 0.536
10 49 0.594
10 50 0.546
10 51 0.498
10 120 0.423
10 155 0.42
10 156 0.409
11 12 0.847
11 13 0.704
11 14 0.631
11 15 0.493
11 45 0.477
11 46 0.47
11 47 0.453
11 48 0.518
11 49 0.649
11 50 0.619
11 51 0.583
11 52 0.454
11 119 0.428
11 120 0.466
11 121 0.409
11 154 0.446
11 155 0.496
11 156 0.454
12 13 0.828
12 14 0.719
12 15 0.573
12 45 0.462
12 46 0.424
12 47 0.409
12 48 0.498
12 49 0.604
12 50 0.648
12 51 0.618
12 52 0.483
12 53 0.466
12 119 0.417
12 120 0.459
12 154 0.511
12 155 0.585
12 156 0.544
13 14 0.792
13 15 0.657
13 16 0.432
13 48 0.425
13 49 0.521
13 50 0.599
13 51 0.645
13 52 0.53
13 53 0.553
13 115 0.421
13 118 0.425
13 119 0.417
13 120 0.414
13 152 0.409
13 153 0.504
13 154 0.599
13 155 0.61
13 156 0.551
14 15 0.82
14 16 0.625
14 45 0.483
14 46 0.443
14 48 0.452
14 49 0.538
14 50 0.613
14 51 0.648
14 52 0.644
14 53 0.653
14 120 0.42
14 153 0.434
14 154 0.53
14 155 0.593
14 156 0.583
14 157 0.469
14 158 0.415
15 16 0.693
15 50 0.457
15 51 0.498
15 52 0.542
15 53 0.649
15 150 0.437
15 151 0.509
15 152 0.492
15 153 0.542
15 154 0.595
15 155 0.595
15 156 0.604
15 157 0.556
15 158 0.435
16 17 0.615
16 41 0.429
16 42 0.443
16 45 0.417
16 51 0.45
16 52 0.575
16 53 0.617
16 54 0.545
16 157 0.427
16 158 0.539
16 159 0.434
17 18 0.653
17 19 0.553
17 54 0.474
17 55 0.628
17 56 0.574
17 57 0.505
17 58 0.413
17 159 0.449
17 160 0.43
17 161 0.51
17 163 0.408
17 164 0.43
17 171 0.498
17 172 0.445
18 19 0.839
18 20 0.601
18 21 0.511
18 22 0.417
18 35 0.415
18 38 0.437
18 54 0.49
18 55 0.5
18 56 0.57
18 57 0.482
18 58 0.463
18 160 0.459
18 161 0.464
19 20 0.686
19 21 0.616
19 22 0.516
19 34 0.44
19 35 0.416
19 55 0.453
19 56 0.528
19 57 0.497
19 58 0.486
19 59 0.455
19 161 0.442
20 21 0.88
20 22 0.734
20 23 0.59
20 24 0.519
20 29 0.421
20 30 0.416
20 31 0.427
20 32 0.449
20 33 0.462
20 34 0.563
20 35 0.525
20 36 0.44
20 37 0.453
20 38 0.453
20 55 0.45
20 56 0.594
20 57 0.565
20 58 0.599
20 59 0.496
20 85 0.432
20 87 0.448
20 90 0.467
21 22 0.788
21 23 0.636
21 24 0.536
21 29 0.41
21 30 0.423
21 31 0.427
21 32 0.436
21 33 0.448
21 34 0.543
21 35 0.464
21 37 0.409
21 55 0.424
21 56 0.601
21 57 0.605
21 58 0.648
21 59 0.56
21 60 0.454
21 61 0.414
21 85 0.457
21 87 0.419
21 128 0.416
22 23 0.837
22 24 0.669
22 25 0.456
22 29 0.5
22 30 0.517
22 31 0.49
22 32 0.497
22 33 0.482
22 34 0.521
22 35 0.494
22 36 0.408
22 56 0.499
22 57 0.496
22 58 0.561
22 59 0.437
22 85 0.422
22 87 0.414
22 89 0.411
22 90 0.465
23 24 0.737
23 25 0.504
23 26 0.419
23 29 0.515
23 30 0.543
23 31 0.514
23 32 0.495
23 33 0.461
23 34 0.481
23 35 0.428
23 56 0.433
23 57 0.432
23 58 0.493
23 90 0.42
24 25 0.75
24 26 0.52
24 27 0.555
24 28 0.549
24 29 0.586
24 30 0.54
24 31 0.428
24 58 0.427
24 90 0.415
25 26 0.669
25 27 0.603
25 28 0.535
25 29 0.508
25 30 0.47
26 27 0.787
26 28 0.6
26 29 0.496
27 28 0.764
27 29 0.607
27 30 0.464
27 31 0.417
28 29 0.823
28 30 0.626
28 31 0.496
28 32 0.464
28 89 0.408
29 30 0.798
29 31 0.602
29 32 0.553
29 33 0.455
29 35 0.434
29 89 0.437
29 90 0.447
29 91 0.409
29 93 0.418
30 31 0.733
30 32 0.579
30 33 0.499
30 34 0.412
30 35 0.439
30 90 0.409
31 32 0.699
31 33 0.601
31 34 0.512
31 35 0.492
31 36 0.453
31 37 0.429
32 33 0.808
32 34 0.676
32 35 0.682
32 36 0.599
32 37 0.514
32 38 0.489
32 90 0.468
32 93 0.455
33 34 0.809
33 35 0.694
33 36 0.624
33 37 0.57
33 38 0.517
34 35 0.812
34 36 0.657
34 37 0.633
34 38 0.572
34 39 0.426
35 36 0.805
35 37 0.7
35 38 0.659
35 39 0.534
35 90 0.453
35 93 0.447
35 94 0.425
35 97 0.438
36 37 0.79
36 38 0.695
36 39 0.581
36 40 0.41
36 93 0.441
36 94 0.416
36 97 0.449
37 38 0.826
37 39 0.613
37 40 0.461
38 39 0.747
38 40 0.56
38 41 0.482
38 42 0.474
39 40 0.756
39 41 0.639
39 42 0.636
39 43 0.565
39 44 0.436
39 45 0.406
39 94 0.433
39 97 0.413
39 98 0.437
40 41 0.779
40 42 0.674
40 43 0.627
40 44 0.555
40 45 0.508
40 46 0.474
40 47 0.462
41 42 0.767
41 43 0.651
41 44 0.633
41 45 0.582
41 46 0.512
41 47 0.497
41 48 0.423
41 185 0.483
41 186 0.449
42 43 0.832
42 44 0.718
42 45 0.669
42 46 0.645
42 47 0.577
42 48 0.478
42 49 0.45
42 50 0.417
42 51 0.435
42 52 0.486
42 123 0.408
43 44 0.834
43 45 0.689
43 46 0.694
43 47 0.654
43 48 0.533
43 49 0.505
43 50 0.472
43 51 0.446
43 52 0.457
44 45 0.809
44 46 0.674
44 47 0.662
44 48 0.644
44 49 0.538
44 50 0.496
44 51 0.451
44 52 0.414
45 46 0.774
45 47 0.703
45 48 0.663
45 49 0.665
45 50 0.647
45 51 0.587
45 52 0.553
45 121 0.447
46 47 0.824
46 48 0.688
46 49 0.676
46 50 0.623
46 51 0.579
46 52 0.547
46 120 0.413
46 121 0.499
46 122 0.443
46 123 0.425
47 48 0.75
47 49 0.646
47 50 0.573
47 51 0.51
47 52 0.452
47 121 0.435
48 49 0.744
48 50 0.699
48 51 0.579
48 52 0.467
48 120 0.426
48 121 0.441
49 50 0.867
49 51 0.729
49 52 0.584
49 53 0.448
49 119 0.432
49 120 0.512
49 121 0.492
49 122 0.456
50 51 0.847
50 52 0.685
50 53 0.544
50 119 0.463
50 120 0.545
50 121 0.531
50 122 0.507
50 123 0.427
51 52 0.815
51 53 0.668
51 54 0.436
51 118 0.47
51 119 0.492
51 120 0.531
51 121 0.528
51 122 0.563
51 123 0.515
51 124 0.428
52 53 0.78
52 54 0.584
52 118 0.456
52 119 0.454
52 120 0.505
52 121 0.532
52 122 0.563
52 123 0.589
52 124 0.541
53 54 0.688
53 55 0.453
53 115 0.439
53 118 0.441
53 122 0.463
53 123 0.474
53 124 0.531
53 153 0.431
53 154 0.419
54 55 0.678
54 56 0.492
54 104 0.412
54 123 0.445
54 124 0.514
54 125 0.59
54 126 0.464
55 56 0.735
55 57 0.6
55 58 0.492
55 59 0.415
55 125 0.504
55 126 0.585
55 127 0.518
55 128 0.505
55 129 0.447
56 57 0.877
56 58 0.703
56 59 0.574
56 60 0.512
56 61 0.434
56 85 0.464
56 86 0.425
56 87 0.457
56 125 0.45
56 126 0.461
56 127 0.478
56 128 0.563
56 129 0.476
56 130 0.474
57 58 0.789
57 59 0.654
57 60 0.601
57 61 0.487
57 85 0.469
57 127 0.413
57 128 0.539
57 129 0.458
57 130 0.516
57 131 0.416
58 59 0.779
58 60 0.654
58 61 0.531
58 62 0.43
58 83 0.407
58 84 0.465
58 85 0.537
58 86 0.457
58 87 0.449
58 127 0.43
58 128 0.54
58 130 0.469
59 60 0.86
59 61 0.63
59 62 0.498
59 63 0.415
59 84 0.427
59 85 0.484
59 86 0.418
59 128 0.49
59 130 0.497
59 131 0.428
60 61 0.719
60 62 0.607
60 63 0.505
60 82 0.416
60 85 0.43
60 128 0.441
60 129 0.411
60 130 0.53
60 131 0.469
61 62 0.84
61 63 0.728
61 64 0.554
61 65 0.445
61 80 0.416
61 82 0.505
61 84 0.436
61 85 0.486
61 128 0.493
61 129 0.489
61 130 0.59
61 131 0.568
61 132 0.48
61 133 0.493
61 134 0.411
62 63 0.782
62 64 0.608
62 65 0.489
62 80 0.411
62 82 0.475
62 85 0.429
62 128 0.441
62 129 0.465
62 130 0.546
62 131 0.551
62 132 0.456
62 133 0.516
62 134 0.444
63 64 0.753
63 65 0.62
63 66 0.471
63 80 0.416
63 82 0.435
63 128 0.463
63 129 0.56
63 130 0.63
63 131 0.655
63 132 0.575
63 133 0.602
63 134 0.514
63 135 0.471
64 65 0.841
64 66 0.649
64 67 0.54
64 68 0.523
64 69 0.491
64 79 0.513
64 80 0.514
64 81 0.464
64 129 0.501
64 130 0.529
64 131 0.591
64 132 0.581
64 133 0.576
64 134 0.49
64 135 0.43
65 66 0.749
65 67 0.634
65 68 0.555
65 69 0.537
65 72 0.428
65 79 0.49
65 80 0.505
65 81 0.425
65 129 0.505
65 130 0.508
65 131 0.552
65 132 0.593
65 133 0.583
65 134 0.546
65 135 0.472
66 67 0.801
66 68 0.639
66 69 0.648
66 70 0.489
66 71 0.455
66 72 0.463
66 73 0.434
66 79 0.478
66 80 0.455
66 131 0.473
66 132 0.515
66 133 0.475
66 134 0.454
67 68 0.712
67 69 0.671
67 70 0.527
67 71 0.456
67 72 0.494
67 73 0.44
67 74 0.417
67 79 0.467
67 80 0.419
67 132 0.44
68 69 0.8
68 70 0.631
68 71 0.581
68 72 0.577
68 73 0.465
68 74 0.433
68 75 0.424
68 76 0.421
68 77 0.422
68 78 0.439
68 79 0.491
68 80 0.418
69 70 0.758
69 71 0.651
69 72 0.636
69 73 0.556
69 74 0.486
69 75 0.433
69 76 0.466
69 77 0.471
69 78 0.507
69 79 0.537
69 80 0.42
69 109 0.411
70 71 0.779
70 72 0.661
70 73 0.616
70 74 0.6
70 75 0.468
70 76 0.454
70 77 0.426
70 79 0.413
71 72 0.781
71 73 0.61
71 74 0.631
71 75 0.503
71 76 0.44
71 77 0.452
72 73 0.732
72 74 0.613
72 75 0.627
72 76 0.557
72 77 0.614
72 78 0.525
72 79 0.508
73 74 0.751
73 75 0.593
73 76 0.611
73 77 0.568
73 78 0.495
73 79 0.464
74 75 0.651
74 76 0.5
74 77 0.464
75 76 0.629
75 77 0.606
75 78 0.475
76 77 0.798
76 78 0.592
76 79 0.487
77 78 0.788
77 79 0.596
77 81 0.46
78 79 0.776
78 80 0.532
78 81 0.578
78 82 0.45
78 106 0.418
78 107 0.443
79 80 0.756
79 81 0.68
79 82 0.54
79 107 0.434
79 129 0.434
79 130 0.426
79 131 0.498
79 132 0.478
80 81 0.855
80 82 0.659
80 83 0.473
80 128 0.446
80 129 0.493
80 130 0.485
80 131 0.556
80 132 0.488
80 133 0.411
81 82 0.778
81 83 0.594
81 84 0.446
81 85 0.433
81 127 0.437
81 128 0.463
81 129 0.436
81 130 0.413
81 131 0.507
81 132 0.413
82 83 0.763
82 84 0.644
82 85 0.585
82 86 0.497
82 128 0.465
82 130 0.421
82 131 0.469
83 84 0.79
83 85 0.654
83 86 0.592
83 87 0.515
83 88 0.422
83 127 0.425
83 128 0.453
84 85 0.772
84 86 0.61
84 87 0.526
84 88 0.426
84 128 0.412
85 86 0.774
85 87 0.622
85 88 0.487
85 89 0.417
85 90 0.421
85 127 0.43
85 128 0.517
85 130 0.44
85 131 0.429
86 87 0.84
86 88 0.681
86 89 0.564
86 90 0.547
86 91 0.5
86 92 0.409
86 93 0.411
86 104 0.424
86 106 0.416
86 125 0.423
86 126 0.471
86 127 0.616
86 128 0.61
86 129 0.425
87 88 0.825
87 89 0.702
87 90 0.671
87 91 0.602
87 92 0.493
87 93 0.472
87 94 0.454
87 104 0.495
87 106 0.418
87 125 0.519
87 126 0.499
87 127 0.601
87 128 0.567
88 89 0.788
88 90 0.68
88 91 0.65
88 92 0.557
88 93 0.515
88 94 0.49
88 95 0.453
88 96 0.427
88 104 0.507
88 125 0.453
88 127 0.463
88 128 0.422
89 90 0.79
89 91 0.716
89 92 0.644
89 93 0.603
89 94 0.566
89 95 0.498
89 96 0.47
89 97 0.415
89 104 0.5
89 125 0.434
90 91 0.768
90 92 0.685
90 93 0.666
90 94 0.632
90 95 0.527
90 96 0.505
90 97 0.444
90 104 0.478
90 125 0.469
91 92 0.816
91 93 0.696
91 94 0.693
91 95 0.649
91 96 0.545
91 97 0.48
91 98 0.469
91 99 0.436
91 100 0.411
91 102 0.489
91 103 0.417
91 104 0.483
91 125 0.484
92 93 0.779
92 94 0.723
92 95 0.679
92 96 0.629
92 97 0.53
92 98 0.495
92 99 0.463
92 100 0.433
92 101 0.442
92 102 0.512
92 103 0.429
92 104 0.447
92 125 0.415
93 94 0.817
93 95 0.692
93 96 0.657
93 97 0.595
93 98 0.514
93 99 0.482
93 102 0.485
94 95 0.801
94 96 0.707
94 97 0.656
94 98 0.63
94 99 0.554
94 100 0.499
94 101 0.463
94 102 0.568
94 103 0.439
94 125 0.416
95 96 0.799
95 97 0.671
95 98 0.661
95 99 0.635
95 100 0.612
95 101 0.555
95 102 0.642
95 103 0.486
95 123 0.414
96 97 0.749
96 98 0.635
96 99 0.621
96 100 0.555
96 101 0.515
96 102 0.562
96 103 0.434
97 98 0.77
97 99 0.645
97 100 0.552
97 101 0.487
97 102 0.49
97 103 0.41
98 99 0.766
98 100 0.678
98 101 0.57
98 102 0.576
98 103 0.46
98 123 0.466
98 124 0.411
99 100 0.793
99 101 0.651
99 102 0.603
99 103 0.5
99 123 0.459
99 124 0.416
100 101 0.826
100 102 0.742
100 103 0.546
100 121 0.416
100 122 0.436
100 123 0.531
100 124 0.456
101 102 0.806
101 103 0.576
101 122 0.425
101 123 0.529
101 124 0.449
102 103 0.743
102 104 0.551
102 122 0.452
102 123 0.584
102 124 0.523
102 125 0.463
103 104 0.714
103 105 0.438
103 122 0.448
103 123 0.541
103 124 0.581
103 125 0.502
104 105 0.657
104 106 0.57
104 107 0.46
104 124 0.416
104 125 0.637
104 126 0.563
104 127 0.522
104 128 0.408
105 106 0.756
105 107 0.697
105 108 0.644
105 109 0.506
105 110 0.491
105 111 0.468
105 125 0.524
105 126 0.584
105 127 0.564
105 128 0.475
106 107 0.737
106 108 0.625
106 109 0.49
106 110 0.485
106 111 0.417
106 125 0.428
106 126 0.59
106 127 0.612
106 128 0.525
107 108 0.844
107 109 0.688
107 110 0.635
107 111 0.529
107 126 0.551
107 127 0.544
107 128 0.474
107 129 0.442
107 131 0.442
107 132 0.44
108 109 0.757
108 110 0.649
108 111 0.55
108 126 0.581
108 127 0.576
108 128 0.528
108 129 0.518
108 130 0.424
108 131 0.476
108 132 0.48
108 146 0.408
108 149 0.41
108 150 0.462
109 110 0.802
109 111 0.634
109 112 0.464
109 126 0.441
109 127 0.422
109 129 0.421
109 146 0.421
109 149 0.483
109 150 0.51
110 111 0.773
110 112 0.6
110 113 0.473
110 114 0.417
110 115 0.451
110 149 0.439
110 150 0.442
111 112 0.778
111 113 0.679
111 114 0.578
111 115 0.578
111 116 0.467
111 149 0.438
111 150 0.439
111 153 0.444
112 113 0.79
112 114 0.61
112 115 0.642
112 116 0.603
112 117 0.498
112 118 0.419
112 153 0.471
113 114 0.74
113 115 0.644
113 116 0.611
113 117 0.542
113 118 0.455
114 115 0.77
114 116 0.624
114 117 0.587
114 118 0.535
114 119 0.457
115 116 0.777
115 117 0.612
115 118 0.603
115 119 0.535
115 120 0.443
115 153 0.435
116 117 0.738
116 118 0.631
116 119 0.525
116 120 0.429
117 118 0.798
117 119 0.605
117 120 0.501
117 122 0.43
118 119 0.775
118 120 0.637
118 121 0.504
118 122 0.566
118 123 0.459
118 124 0.449
119 120 0.8
119 121 0.593
119 122 0.624
119 123 0.503
119 124 0.414
120 121 0.781
120 122 0.663
120 123 0.512
121 122 0.809
121 123 0.652
121 124 0.52
122 123 0.807
122 124 0.644
123 124 0.798
123 125 0.51
124 125 0.677
124 126 0.422
125 126 0.754
125 127 0.641
125 128 0.503
126 127 0.821
126 128 0.654
126 129 0.511
126 131 0.429
127 128 0.821
127 129 0.625
127 130 0.472
127 131 0.512
127 132 0.426
128 129 0.732
128 130 0.62
128 131 0.602
128 132 0.513
128 133 0.425
129 130 0.815
129 131 0.742
129 132 0.704
129 133 0.622
129 134 0.529
129 135 0.599
129 136 0.431
129 146 0.434
130 131 0.842
130 132 0.739
130 133 0.643
130 134 0.556
130 135 0.582
130 136 0.464
131 132 0.827
131 133 0.665
131 134 0.566
131 135 0.544
131 136 0.41
132 133 0.831
132 134 0.732
132 135 0.669
132 136 0.496
132 137 0.493
132 146 0.468
133 134 0.827
133 135 0.724
133 136 0.554
133 137 0.566
133 138 0.418
133 142 0.438
133 143 0.417
133 146 0.469
133 171 0.439
134 135 0.815
134 136 0.588
134 137 0.611
134 138 0.46
134 142 0.463
134 143 0.445
134 146 0.483
134 147 0.424
134 169 0.435
134 170 0.42
134 171 0.465
135 136 0.687
135 137 0.597
135 138 0.46
135 139 0.407
135 142 0.457
135 143 0.474
135 145 0.416
135 146 0.5
135 147 0.439
135 169 0.503
135 170 0.502
135 171 0.528
135 172 0.441
136 137 0.73
136 138 0.535
136 139 0.461
136 142 0.454
136 143 0.497
136 146 0.429
136 167 0.439
136 168 0.494
136 169 0.603
136 170 0.568
136 171 0.5
136 172 0.479
136 174 0.406
137 138 0.746
137 139 0.647
137 140 0.531
137 141 0.446
137 142 0.553
137 143 0.584
137 144 0.442
137 169 0.485
137 170 0.467
137 171 0.417
138 139 0.792
138 140 0.617
138 141 0.48
138 142 0.482
138 143 0.525
139 140 0.721
139 141 0.554
139 142 0.544
139 143 0.543
139 144 0.473
139 145 0.407
140 141 0.742
140 142 0.618
140 143 0.627
140 144 0.581
140 145 0.452
141 142 0.732
141 143 0.599
141 144 0.603
141 145 0.545
141 146 0.448
141 147 0.446
142 143 0.81
142 144 0.641
142 145 0.605
142 146 0.545
142 147 0.511
142 169 0.416
142 170 0.438
143 144 0.807
143 145 0.664
143 146 0.622
143 147 0.599
143 148 0.419
143 169 0.492
143 170 0.507
143 171 0.458
143 172 0.419
143 173 0.422
143 174 0.433
144 145 0.786
144 146 0.651
144 147 0.651
144 148 0.522
144 169 0.456
144 170 0.516
144 171 0.457
144 172 0.418
144 173 0.462
144 174 0.499
144 175 0.473
144 177 0.433
144 178 0.431
145 146 0.832
145 147 0.702
145 148 0.616
145 149 0.551
145 150 0.52
145 170 0.451
145 171 0.438
145 174 0.416
145 175 0.407
146 147 0.802
146 148 0.656
146 149 0.621
146 150 0.615
146 151 0.444
146 170 0.455
146 171 0.484
147 148 0.772
147 149 0.665
147 150 0.644
147 151 0.554
147 152 0.444
147 169 0.411
147 170 0.475
147 171 0.524
147 172 0.407
147 174 0.456
147 175 0.486
147 178 0.411
148 149 0.781
148 150 0.702
148 151 0.678
148 152 0.586
148 153 0.505
148 154 0.433
148 175 0.457
148 178 0.45
149 150 0.814
149 151 0.692
149 152 0.644
149 153 0.564
149 154 0.452
150 151 0.796
150 152 0.681
150 153 0.631
150 154 0.498
151 152 0.805
151 153 0.682
151 154 0.608
151 155 0.503
151 156 0.451
151 157 0.416
151 175 0.428
151 178 0.474
151 179 0.515
151 180 0.429
152 153 0.785
152 154 0.677
152 155 0.524
152 156 0.447
152 179 0.474
153 154 0.806
153 155 0.594
153 156 0.479
154 155 0.797
154 156 0.657
154 157 0.516
154 179 0.478
155 156 0.805
155 157 0.626
155 179 0.509
155 180 0.406
155 181 0.481
156 157 0.823
156 158 0.567
156 179 0.543
156 180 0.476
156 181 0.565
156 182 0.475
157 158 0.738
157 159 0.476
157 175 0.472
157 176 0.502
157 177 0.434
157 178 0.478
157 179 0.57
157 180 0.525
157 181 0.623
157 182 0.602
157 183 0.524
158 159 0.711
158 160 0.469
158 181 0.478
158 182 0.548
158 183 0.637
158 184 0.602
158 185 0.565
159 160 0.742
159 161 0.578
159 162 0.495
159 172 0.417
159 182 0.422
159 183 0.579
159 184 0.627
159 185 0.63
159 186 0.503
159 187 0.447
159 188 0.55
159 189 0.449
159 408 0.435
160 161 0.803
160 162 0.69
160 163 0.578
160 164 0.492
160 165 0.408
160 184 0.514
160 185 0.662
160 186 0.65
160 187 0.693
160 188 0.716
160 189 0.594
160 190 0.542
160 191 0.497
160 192 0.434
160 193 0.429
160 391 0.431
160 392 0.419
161 162 0.846
161 163 0.773
161 164 0.659
161 165 0.597
161 166 0.507
161 167 0.408
161 172 0.434
161 185 0.43
161 186 0.447
161 187 0.552
161 188 0.59
161 189 0.451
161 190 0.446
161 191 0.437
161 390 0.431
161 391 0.439
161 392 0.443
161 395 0.431
161 405 0.434
162 163 0.858
162 164 0.675
162 165 0.637
162 166 0.521
162 167 0.425
162 186 0.432
162 187 0.54
162 188 0.594
162 189 0.48
162 190 0.499
162 191 0.515
162 192 0.461
162 193 0.43
162 388 0.41
162 389 0.438
162 390 0.56
162 391 0.562
162 392 0.558
162 393 0.537
162 394 0.507
162 395 0.558
162 396 0.528
162 397 0.426
162 398 0.428
162 399 0.443
162 404 0.424
162 405 0.522
163 164 0.752
163 165 0.661
163 166 0.563
163 167 0.482
163 172 0.417
163 187 0.46
163 188 0.509
163 190 0.417
163 191 0.454
163 192 0.426
163 388 0.409
163 389 0.426
163 390 0.512
163 391 0.502
163 392 0.512
163 393 0.507
163 394 0.47
163 395 0.515
163 396 0.486
163 399 0.411
163 405 0.506
163 407 0.41
164 165 0.769
164 166 0.682
164 167 0.563
164 168 0.511
164 169 0.461
164 171 0.431
164 172 0.521
164 395 0.417
164 405 0.544
164 406 0.481
164 407 0.485
165 166 0.83
165 167 0.695
165 168 0.568
165 169 0.508
165 170 0.439
165 171 0.452
165 172 0.561
165 173 0.426
165 395 0.449
165 405 0.656
165 406 0.624
165 407 0.622
166 167 0.76
166 168 0.6
166 169 0.546
166 170 0.453
166 171 0.423
166 172 0.507
166 173 0.418
166 395 0.407
166 405 0.643
166 406 0.622
166 407 0.622
167 168 0.811
167 169 0.701
167 170 0.531
167 171 0.475
167 172 0.541
167 173 0.505
167 174 0.461
167 405 0.575
167 406 0.566
167 407 0.559
168 169 0.817
168 170 0.65
168 171 0.582
168 172 0.638
168 173 0.624
168 174 0.602
168 175 0.463
168 405 0.453
168 406 0.518
168 407 0.504
169 170 0.817
169 171 0.707
169 172 0.727
169 173 0.665
169 174 0.652
169 175 0.503
169 406 0.487
169 407 0.497
170 171 0.809
170 172 0.744
170 173 0.691
170 174 0.714
170 175 0.611
170 176 0.474
170 177 0.456
170 406 0.454
170 407 0.479
171 172 0.831
171 173 0.649
171 174 0.658
171 175 0.62
171 176 0.461
171 177 0.437
171 406 0.424
171 407 0.447
172 173 0.808
172 174 0.737
172 175 0.621
172 176 0.538
172 177 0.497
172 406 0.515
172 407 0.544
172 410 0.444
173 174 0.877
173 175 0.713
173 176 0.695
173 177 0.644
173 178 0.513
173 180 0.423
173 406 0.494
173 407 0.515
173 409 0.462
173 410 0.505
174 175 0.834
174 176 0.707
174 177 0.698
174 178 0.593
174 179 0.466
174 180 0.469
174 406 0.424
174 407 0.457
174 409 0.419
174 410 0.476
175 176 0.841
175 177 0.735
175 178 0.702
175 179 0.621
175 180 0.576
175 181 0.519
175 182 0.449
175 410 0.457
176 177 0.836
176 178 0.751
176 179 0.686
176 180 0.69
176 181 0.635
176 182 0.568
176 409 0.437
176 410 0.514
176 411 0.437
177 178 0.805
177 179 0.652
177 180 0.665
177 181 0.582
177 182 0.489
177 409 0.437
177 410 0.496
177 411 0.416
178 179 0.809
178 180 0.715
178 181 0.605
178 182 0.473
179 180 0.82
179 181 0.714
179 182 0.534
180 181 0.818
180 182 0.614
180 183 0.426
181 182 0.795
181 183 0.544
181 412 0.44
182 183 0.682
182 184 0.573
182 409 0.46
182 410 0.484
182 411 0.523
182 412 0.563
182 413 0.502
182 414 0.451
183 184 0.841
183 185 0.579
183 186 0.437
183 408 0.41
183 409 0.408
183 410 0.423
183 411 0.549
183 412 0.581
183 413 0.499
183 414 0.482
184 185 0.752
184 186 0.636
184 187 0.456
184 188 0.548
184 189 0.568
184 190 0.428
184 408 0.434
184 411 0.449
184 412 0.472
184 413 0.433
184 414 0.439
185 186 0.848
185 187 0.65
185 188 0.635
185 189 0.611
185 190 0.491
186 187 0.803
186 188 0.709
186 189 0.696
186 190 0.595
186 191 0.494
186 192 0.42
187 188 0.844
187 189 0.721
187 190 0.706
187 191 0.626
187 192 0.525
187 193 0.504
187 194 0.442
187 390 0.446
187 391 0.461
187 392 0.43
188 189 0.838
188 190 0.74
188 191 0.692
188 192 0.614
188 193 0.57
188 194 0.48
188 195 0.468
188 196 0.446
188 390 0.477
188 391 0.49
188 392 0.46
188 393 0.417
188 395 0.42
189 190 0.821
189 191 0.666
189 192 0.609
189 193 0.558
189 194 0.451
189 195 0.444
189 390 0.433
189 391 0.462
189 392 0.438
190 191 0.761
190 192 0.623
190 193 0.602
190 194 0.55
190 195 0.501
190 196 0.459
190 197 0.408
190 388 0.466
190 389 0.432
190 390 0.546
190 391 0.551
190 392 0.509
190 393 0.446
190 395 0.433
190 396 0.42
191 192 0.81
191 193 0.693
191 194 0.596
191 195 0.606
191 196 0.565
191 197 0.482
191 198 0.43
191 368 0.409
191 369 0.455
191 388 0.503
191 389 0.463
191 390 0.589
191 391 0.57
191 392 0.548
191 393 0.505
191 394 0.484
191 395 0.487
191 396 0.479
191 397 0.419
191 398 0.411
192 193 0.798
192 194 0.643
192 195 0.664
192 196 0.643
192 197 0.528
192 198 0.457
192 199 0.426
192 369 0.409
192 388 0.421
192 390 0.505
192 391 0.479
192 392 0.476
192 393 0.449
192 394 0.45
192 395 0.472
192 396 0.463
192 397 0.412
192 398 0.423
192 399 0.433
192 400 0.409
193 194 0.711
193 195 0.655
193 196 0.651
193 197 0.591
193 198 0.472
193 199 0.441
193 200 0.429
193 390 0.453
193 391 0.431
193 392 0.43
193 395 0.442
193 396 0.432
193 399 0.409
194 195 0.798
194 196 0.692
194 197 0.673
194 198 0.615
194 199 0.511
194 200 0.494
194 331 0.43
194 332 0.412
194 367 0.496
194 368 0.458
194 369 0.445
194 387 0.418
194 388 0.512
194 389 0.498
194 390 0.496
194 391 0.453
194 392 0.433
194 393 0.435
194 394 0.413
194 395 0.458
194 396 0.49
194 397 0.437
194 398 0.43
194 399 0.465
194 400 0.442
195 196 0.824
195 197 0.686
195 198 0.674
195 199 0.625
195 200 0.543
195 331 0.424
195 367 0.492
195 368 0.461
195 369 0.461
195 388 0.499
195 389 0.461
195 390 0.499
195 391 0.452
195 392 0.457
195 393 0.455
195 394 0.474
195 395 0.506
195 396 0.521
195 397 0.481
195 398 0.477
195 399 0.509
195 400 0.505
195 401 0.43
195 403 0.408
196 197 0.786
196 198 0.712
196 199 0.692
196 200 0.623
196 201 0.45
196 331 0.419
196 367 0.465
196 368 0.413
196 388 0.462
196 389 0.415
196 390 0.42
196 394 0.416
196 395 0.441
196 396 0.449
196 397 0.43
196 398 0.422
196 399 0.454
196 400 0.452
197 198 0.816
197 199 0.694
197 200 0.675
197 201 0.508
197 202 0.462
197 331 0.457
197 367 0.463
197 388 0.436
197 399 0.411
197 400 0.427
198 199 0.802
198 200 0.707
198 201 0.54
198 202 0.478
198 331 0.493
198 332 0.409
198 367 0.492
198 388 0.408
198 396 0.436
198 397 0.435
198 398 0.425
198 399 0.464
198 400 0.481
198 401 0.427
198 402 0.409
199 200 0.788
199 201 0.586
199 202 0.467
199 331 0.463
199 367 0.458
199 396 0.411
199 397 0.445
199 398 0.439
199 399 0.476
199 400 0.483
199 401 0.441
199 402 0.419
200 201 0.774
200 202 0.54
200 331 0.432
201 202 0.697
201 203 0.561
201 204 0.49
201 205 0.416
201 206 0.441
201 228 0.417
202 203 0.812
202 204 0.687
202 205 0.584
202 206 0.614
202 207 0.511
202 208 0.485
202 228 0.456
202 229 0.423
202 230 0.422
202 327 0.443
202 328 0.521
202 329 0.586
202 330 0.487
202 331 0.482
202 365 0.452
202 366 0.42
203 204 0.817
203 205 0.706
203 206 0.669
203 207 0.562
203 208 0.448
203 228 0.412
203 229 0.427
203 230 0.463
203 326 0.422
203 327 0.543
203 328 0.609
203 329 0.651
203 330 0.483
203 365 0.459
203 366 0.42
204 205 0.9
204 206 0.794
204 207 0.634
204 208 0.488
204 228 0.484
204 229 0.519
204 230 0.555
204 231 0.467
204 326 0.481
204 327 0.594
204 328 0.646
204 329 0.643
204 330 0.456
205 206 0.866
205 207 0.705
205 208 0.518
205 228 0.45
205 229 0.531
205 230 0.6
205 231 0.527
205 323 0.41
205 324 0.461
205 325 0.464
205 326 0.547
205 327 0.653
205 328 0.667
205 329 0.636
205 330 0.486
206 207 0.823
206 208 0.653
206 228 0.511
206 229 0.565
206 230 0.619
206 231 0.554
206 232 0.457
206 324 0.446
206 325 0.416
206 326 0.491
206 327 0.635
206 328 0.634
206 329 0.674
206 330 0.562
206 331 0.45
207 208 0.748
207 209 0.482
207 228 0.416
207 229 0.486
207 230 0.546
207 231 0.574
207 232 0.512
207 233 0.415
207 323 0.448
207 324 0.504
207 325 0.442
207 326 0.486
207 327 0.614
207 328 0.567
207 329 0.619
207 330 0.598
207 331 0.494
208 209 0.687
208 210 0.449
208 225 0.43
208 228 0.426
208 229 0.457
208 230 0.436
208 231 0.473
208 232 0.524
208 327 0.413
208 329 0.511
208 330 0.558
208 331 0.618
208 332 0.517
208 333 0.412
209 210 0.726
209 211 0.563
209 212 0.431
209 233 0.464
209 235 0.425
209 330 0.433
209 331 0.525
209 332 0.629
209 333 0.591
209 334 0.526
209 335 0.441
209 368 0.415
210 211 0.836
210 212 0.707
210 213 0.573
210 214 0.464
210 215 0.415
210 216 0.453
210 217 0.466
210 218 0.518
210 221 0.448
210 222 0.415
210 234 0.566
210 235 0.61
210 236 0.587
210 237 0.502
210 238 0.57
210 332 0.537
210 333 0.708
210 334 0.696
210 335 0.607
210 336 0.519
210 337 0.424
210 371 0.424
210 373 0.416
211 212 0.77
211 213 0.637
211 214 0.485
211 215 0.417
211 216 0.427
211 217 0.431
211 218 0.467
211 234 0.547
211 235 0.668
211 236 0.688
211 237 0.611
211 238 0.609
211 239 0.431
211 332 0.453
211 333 0.662
211 334 0.715
211 335 0.68
211 336 0.618
211 337 0.535
211 338 0.45
211 371 0.425
211 372 0.443
211 373 0.471
212 213 0.84
212 214 0.661
212 215 0.57
212 216 0.524
212 217 0.505
212 218 0.491
212 234 0.495
212 235 0.604
212 236 0.753
212 237 0.724
212 238 0.67
212 239 0.503
212 240 0.411
212 241 0.424
212 254 0.415
212 333 0.556
212 334 0.632
212 335 0.599
212 336 0.538
212 337 0.467
213 214 0.752
213 215 0.65
213 216 0.601
213 217 0.559
213 218 0.537
213 219 0.419
213 234 0.414
213 235 0.512
213 236 0.675
213 237 0.705
213 238 0.647
213 239 0.525
213 240 0.45
213 241 0.481
213 254 0.467
213 255 0.436
213 256 0.435
213 333 0.434
213 334 0.513
213 335 0.48
213 336 0.439
214 215 0.822
214 216 0.701
214 217 0.642
214 218 0.559
214 219 0.472
214 221 0.41
214 236 0.513
214 237 0.594
214 238 0.573
214 239 0.462
214 240 0.41
214 241 0.477
214 254 0.464
214 255 0.503
214 256 0.572
214 257 0.467
214 258 0.475
214 259 0.456
215 216 0.791
215 217 0.674
215 218 0.605
215 219 0.555
215 220 0.471
215 221 0.454
215 222 0.424
215 236 0.438
215 237 0.532
215 238 0.567
215 239 0.508
215 240 0.451
215 241 0.533
215 242 0.449
215 254 0.434
215 255 0.495
215 256 0.57
215 257 0.457
215 258 0.468
215 259 0.478
215 260 0.422
215 262 0.409
215 263 0.42
216 217 0.748
216 218 0.677
216 219 0.611
216 220 0.506
216 221 0.511
216 222 0.464
216 223 0.418
216 237 0.478
216 238 0.54
216 239 0.428
216 241 0.411
216 254 0.407
216 255 0.46
216 256 0.524
216 257 0.419
216 258 0.425
216 259 0.438
217 218 0.751
217 219 0.61
217 220 0.539
217 221 0.528
217 222 0.458
217 223 0.417
217 237 0.468
217 238 0.495
217 256 0.427
218 219 0.818
218 220 0.727
218 221 0.7
218 222 0.616
218 223 0.555
218 224 0.436
218 237 0.414
218 238 0.468
218 333 0.433
219 220 0.807
219 221 0.739
219 222 0.666
219 223 0.634
219 224 0.481
219 225 0.432
220 221 0.824
220 222 0.709
220 223 0.681
220 224 0.571
220 225 0.51
220 226 0.441
221 222 0.776
221 223 0.712
221 224 0.637
221 225 0.579
221 226 0.461
221 397 0.425
221 399 0.408
221 400 0.438
221 401 0.439
222 223 0.848
222 224 0.697
222 225 0.642
222 226 0.587
223 224 0.757
223 225 0.663
223 226 0.62
223 227 0.464
224 225 0.847
224 226 0.634
224 227 0.502
224 228 0.498
224 397 0.414
224 398 0.409
224 399 0.415
224 400 0.483
224 401 0.473
224 402 0.429
225 226 0.773
225 227 0.612
225 228 0.582
225 229 0.507
225 401 0.413
226 227 0.757
226 228 0.59
226 229 0.579
226 230 0.47
226 231 0.436
226 232 0.506
226 268 0.423
226 269 0.494
226 270 0.519
226 271 0.43
226 272 0.432
226 273 0.495
226 274 0.413
226 275 0.498
227 228 0.752
227 229 0.647
227 230 0.522
227 231 0.458
227 232 0.45
227 269 0.431
227 270 0.461
227 272 0.42
227 273 0.49
227 274 0.411
227 275 0.475
228 229 0.858
228 230 0.676
228 231 0.55
228 232 0.468
228 273 0.424
228 275 0.465
229 230 0.828
229 231 0.716
229 232 0.614
229 273 0.455
229 274 0.436
229 275 0.553
229 276 0.477
229 277 0.43
230 231 0.856
230 232 0.69
230 273 0.438
230 274 0.444
230 275 0.545
230 276 0.566
230 277 0.498
230 326 0.423
230 327 0.487
230 328 0.433
230 329 0.419
231 232 0.809
231 233 0.498
231 273 0.411
231 274 0.43
231 275 0.544
231 276 0.58
231 277 0.562
231 323 0.422
231 326 0.447
231 327 0.488
232 233 0.63
232 270 0.441
232 273 0.431
232 274 0.426
232 275 0.559
232 276 0.574
232 277 0.637
232 278 0.411
233 234 0.631
233 235 0.453
233 277 0.492
233 278 0.619
233 279 0.471
233 319 0.464
233 320 0.499
234 235 0.735
234 236 0.602
234 237 0.502
234 238 0.585
234 239 0.567
234 240 0.453
234 278 0.411
234 279 0.545
234 280 0.428
235 236 0.849
235 237 0.639
235 238 0.629
235 239 0.537
235 240 0.433
235 279 0.443
235 311 0.45
235 312 0.43
235 333 0.419
235 334 0.55
235 335 0.574
235 336 0.592
235 337 0.519
235 338 0.417
236 237 0.817
236 238 0.715
236 239 0.57
236 240 0.476
236 241 0.436
236 254 0.426
236 311 0.428
236 333 0.443
236 334 0.57
236 335 0.587
236 336 0.574
236 337 0.513
236 338 0.424
237 238 0.837
237 239 0.698
237 240 0.62
237 241 0.612
237 242 0.521
237 243 0.443
237 253 0.431
237 254 0.486
237 255 0.461
237 256 0.407
237 334 0.461
237 335 0.449
237 336 0.443
238 239 0.751
238 240 0.637
238 241 0.635
238 242 0.557
238 243 0.457
238 245 0.416
238 253 0.419
238 254 0.486
238 255 0.479
238 256 0.429
238 334 0.46
238 335 0.424
238 336 0.418
239 240 0.824
239 241 0.75
239 242 0.716
239 243 0.665
239 244 0.588
239 245 0.558
239 246 0.466
239 247 0.451
239 250 0.446
239 253 0.465
239 254 0.487
239 255 0.512
239 256 0.447
239 279 0.48
240 241 0.857
240 242 0.766
240 243 0.725
240 244 0.686
240 245 0.619
240 246 0.533
240 247 0.525
240 248 0.446
240 249 0.434
240 250 0.503
240 251 0.439
240 252 0.416
240 253 0.507
240 254 0.537
240 255 0.552
240 256 0.464
240 260 0.419
240 279 0.434
241 242 0.834
241 243 0.721
241 244 0.714
241 245 0.657
241 246 0.543
241 247 0.529
241 248 0.432
241 250 0.456
241 253 0.46
241 254 0.49
241 255 0.541
241 256 0.52
241 257 0.453
241 258 0.443
241 259 0.454
241 260 0.474
241 261 0.409
241 262 0.414
241 263 0.475
242 243 0.837
242 244 0.747
242 245 0.721
242 246 0.599
242 247 0.582
242 248 0.502
242 249 0.448
242 250 0.47
242 255 0.468
242 256 0.439
242 257 0.414
242 258 0.409
242 259 0.433
242 260 0.48
242 261 0.421
242 262 0.421
242 263 0.498
242 264 0.407
242 279 0.409
243 244 0.847
243 245 0.725
243 246 0.681
243 247 0.688
243 248 0.617
243 249 0.551
243 250 0.553
243 251 0.461
243 279 0.48
243 280 0.46
243 301 0.435
243 302 0.425
244 245 0.808
244 246 0.69
244 247 0.701
244 248 0.594
244 249 0.536
244 250 0.553
244 251 0.474
244 253 0.416
244 255 0.432
244 260 0.421
245 246 0.783
245 247 0.688
245 248 0.544
245 249 0.473
245 250 0.461
245 260 0.444
245 261 0.431
245 263 0.446
246 247 0.801
246 248 0.648
246 249 0.556
246 250 0.452
247 248 0.805
247 249 0.66
247 250 0.542
247 251 0.479
247 301 0.444
247 302 0.465
248 249 0.83
248 250 0.668
248 251 0.583
248 280 0.425
248 300 0.473
248 301 0.573
248 302 0.606
248 303 0.517
248 304 0.45
248 305 0.464
249 250 0.786
249 251 0.726
249 252 0.522
249 253 0.493
249 300 0.459
249 301 0.557
249 302 0.626
249 303 0.583
249 304 0.512
249 305 0.538
249 306 0.454
249 307 0.411
250 251 0.859
250 252 0.606
250 253 0.588
250 254 0.457
250 255 0.42
250 301 0.496
250 302 0.554
250 303 0.589
250 304 0.516
250 305 0.568
250 306 0.487
250 307 0.456
250 308 0.417
251 252 0.739
251 253 0.632
251 254 0.47
251 301 0.432
251 302 0.482
251 303 0.558
251 304 0.544
251 305 0.627
251 306 0.588
251 307 0.569
251 308 0.489
251 309 0.419
252 253 0.821
252 254 0.613
252 255 0.491
252 305 0.511
252 306 0.566
252 307 0.571
252 308 0.549
252 309 0.453
253 254 0.793
253 255 0.635
253 256 0.483
253 305 0.434
253 306 0.487
253 307 0.498
253 308 0.538
253 309 0.514
254 255 0.786
254 256 0.594
254 257 0.433
254 258 0.421
254 308 0.429
254 309 0.414
255 256 0.79
255 257 0.606
255 258 0.53
255 259 0.475
255 260 0.444
256 257 0.794
256 258 0.7
256 259 0.592
256 260 0.535
256 261 0.436
256 262 0.442
256 263 0.456
257 258 0.775
257 259 0.644
257 260 0.576
257 261 0.481
257 262 0.478
257 263 0.487
258 259 0.743
258 260 0.616
258 261 0.506
258 262 0.503
258 263 0.516
258 264 0.42
259 260 0.779
259 261 0.65
259 262 0.643
259 263 0.614
259 264 0.498
259 265 0.46
259 266 0.433
260 261 0.787
260 262 0.69
260 263 0.696
260 264 0.578
260 265 0.501
260 266 0.466
261 262 0.809
261 263 0.701
261 264 0.62
261 265 0.579
261 266 0.527
261 267 0.442
262 263 0.773
262 264 0.631
262 265 0.619
262 266 0.592
262 267 0.475
263 264 0.78
263 265 0.651
263 266 0.632
263 267 0.54
263 268 0.433
264 265 0.791
264 266 0.694
264 267 0.614
264 268 0.511
264 269 0.456
264 270 0.421
265 266 0.824
265 267 0.67
265 268 0.589
265 269 0.553
265 270 0.49
266 267 0.758
266 268 0.627
266 269 0.62
266 270 0.553
266 271 0.412
266 272 0.435
267 268 0.787
267 269 0.669
267 270 0.637
267 271 0.536
267 272 0.526
267 273 0.438
268 269 0.765
268 270 0.64
268 271 0.581
268 272 0.564
268 273 0.489
268 274 0.41
269 270 0.777
269 271 0.624
269 272 0.634
269 273 0.593
269 274 0.469
269 275 0.46
269 277 0.419
270 271 0.751
270 272 0.665
270 273 0.643
270 274 0.602
270 275 0.591
270 276 0.462
270 277 0.503
271 272 0.742
271 273 0.596
271 274 0.615
271 275 0.53
271 276 0.437
271 277 0.451
272 273 0.697
272 274 0.634
272 275 0.532
272 276 0.412
272 277 0.42
273 274 0.784
273 275 0.681
273 276 0.507
273 277 0.471
274 275 0.782
274 276 0.576
274 277 0.525
275 276 0.748
275 277 0.676
276 277 0.786
276 278 0.507
277 278 0.614
278 279 0.661
278 280 0.514
278 319 0.49
278 320 0.532
278 323 0.442
279 280 0.846
279 281 0.654
279 282 0.575
279 283 0.494
279 300 0.418
279 301 0.484
279 302 0.409
279 312 0.443
279 313 0.436
279 315 0.435
279 316 0.492
280 281 0.749
280 282 0.675
280 283 0.607
280 284 0.414
280 298 0.42
280 299 0.41
280 300 0.485
280 301 0.55
280 302 0.476
280 303 0.423
280 312 0.5
280 313 0.514
280 314 0.468
280 315 0.501
280 316 0.533
280 317 0.443
281 282 0.856
281 283 0.689
281 284 0.472
281 297 0.431
281 298 0.503
281 299 0.497
281 300 0.624
281 301 0.613
281 302 0.543
281 303 0.477
281 312 0.498
281 313 0.534
281 314 0.493
281 315 0.602
281 316 0.576
282 283 0.828
282 284 0.636
282 285 0.477
282 296 0.439
282 297 0.511
282 298 0.564
282 299 0.509
282 300 0.582
282 301 0.573
282 302 0.521
282 303 0.497
282 304 0.417
282 309 0.465
282 310 0.407
282 311 0.496
282 312 0.621
282 313 0.674
282 314 0.612
282 315 0.63
282 316 0.592
282 317 0.436
283 284 0.8
283 285 0.619
283 286 0.472
283 295 0.482
283 296 0.518
283 297 0.606
283 298 0.604
283 299 0.511
283 300 0.561
283 301 0.567
283 302 0.52
283 303 0.515
283 304 0.442
283 307 0.421
283 308 0.453
283 309 0.575
283 310 0.538
283 311 0.595
283 312 0.636
283 313 0.632
283 314 0.555
283 315 0.534
283 316 0.516
283 317 0.422
284 285 0.76
284 286 0.606
284 287 0.51
284 292 0.417
284 293 0.439
284 294 0.456
284 295 0.63
284 296 0.635
284 297 0.634
284 298 0.52
284 300 0.407
284 303 0.435
284 304 0.409
284 307 0.449
284 308 0.487
284 309 0.589
284 310 0.617
284 311 0.62
284 312 0.604
284 313 0.564
284 314 0.507
284 315 0.422
284 316 0.41
284 343 0.448
284 344 0.418
285 286 0.796
285 287 0.693
285 288 0.51
285 289 0.433
285 292 0.429
285 293 0.416
285 294 0.426
285 295 0.605
285 296 0.623
285 297 0.575
285 298 0.509
285 303 0.468
285 304 0.492
285 305 0.454
285 306 0.491
285 307 0.615
285 308 0.634
285 309 0.584
285 310 0.584
285 311 0.524
285 312 0.496
285 313 0.437
286 287 0.829
286 288 0.612
286 289 0.52
286 290 0.497
286 291 0.439
286 292 0.442
286 294 0.409
286 295 0.521
286 296 0.536
286 297 0.456
286 304 0.422
286 305 0.418
286 306 0.48
286 307 0.577
286 308 0.556
286 309 0.489
286 310 0.512
286 311 0.45
286 312 0.415
287 288 0.694
287 289 0.549
287 290 0.467
287 295 0.467
287 296 0.478
287 304 0.421
287 305 0.442
287 306 0.511
287 307 0.583
287 308 0.54
287 309 0.473
287 310 0.431
288 289 0.762
288 290 0.616
288 291 0.502
288 292 0.411
288 308 0.495
288 309 0.425
288 310 0.47
289 290 0.769
289 291 0.601
289 292 0.436
289 308 0.428
289 310 0.484
289 337 0.417
289 338 0.438
289 341 0.431
290 291 0.8
290 292 0.564
290 293 0.473
290 294 0.406
290 310 0.444
290 338 0.422
290 340 0.434
290 341 0.505
290 342 0.423
290 343 0.482
290 344 0.465
291 292 0.701
291 293 0.61
291 294 0.528
291 295 0.462
291 337 0.412
291 338 0.444
291 339 0.428
291 340 0.445
291 341 0.557
291 342 0.498
291 343 0.599
291 344 0.558
291 345 0.439
292 293 0.812
292 294 0.675
292 295 0.581
292 296 0.48
292 297 0.41
292 341 0.437
292 342 0.455
292 343 0.533
292 344 0.467
293 294 0.778
293 295 0.624
293 296 0.514
293 297 0.433
293 341 0.409
293 342 0.454
293 343 0.508
293 344 0.436
294 295 0.711
294 296 0.618
294 297 0.517
294 298 0.413
294 343 0.462
294 344 0.414
295 296 0.839
295 297 0.675
295 298 0.509
295 307 0.42
295 310 0.448
295 311 0.416
295 312 0.425
295 342 0.418
295 343 0.495
295 344 0.411
296 297 0.75
296 298 0.582
296 299 0.453
296 300 0.408
296 303 0.447
296 304 0.464
296 307 0.478
296 308 0.446
296 309 0.443
296 310 0.43
296 312 0.442
296 313 0.422
297 298 0.758
297 299 0.63
297 300 0.522
297 301 0.485
297 302 0.472
297 303 0.485
297 304 0.459
297 307 0.421
297 308 0.419
297 309 0.437
297 311 0.409
297 312 0.448
297 313 0.453
297 314 0.454
298 299 0.832
298 300 0.678
298 301 0.616
298 302 0.601
298 303 0.58
298 304 0.53
298 305 0.436
298 309 0.415
298 312 0.414
298 313 0.436
298 314 0.424
298 315 0.414
299 300 0.77
299 301 0.657
299 302 0.576
299 303 0.517
299 304 0.468
299 315 0.414
300 301 0.834
300 302 0.71
300 303 0.604
300 304 0.518
300 305 0.432
300 313 0.418
300 315 0.443
301 302 0.843
301 303 0.697
301 304 0.567
301 305 0.496
301 315 0.412
302 303 0.842
302 304 0.679
302 305 0.57
302 306 0.421
302 307 0.415
303 304 0.835
303 305 0.697
303 306 0.53
303 307 0.536
303 308 0.46
303 309 0.458
304 305 0.811
304 306 0.648
304 307 0.611
304 308 0.502
304 309 0.437
305 306 0.782
305 307 0.653
305 308 0.508
306 307 0.828
306 308 0.66
306 309 0.508
307 308 0.811
307 309 0.626
307 310 0.433
308 309 0.824
308 310 0.607
308 311 0.495
309 310 0.708
309 311 0.655
309 312 0.55
309 313 0.458
309 337 0.44
310 311 0.843
310 312 0.662
310 313 0.521
310 314 0.424
310 336 0.478
310 337 0.549
310 338 0.539
310 339 0.442
310 340 0.42
310 341 0.435
310 343 0.432
310 344 0.499
310 345 0.431
311 312 0.837
311 313 0.666
311 314 0.516
311 316 0.434
311 335 0.45
311 336 0.533
311 337 0.602
311 338 0.543
311 339 0.457
311 341 0.423
311 343 0.448
311 344 0.532
311 345 0.481
311 346 0.476
311 347 0.502
311 348 0.457
312 313 0.829
312 314 0.661
312 315 0.547
312 316 0.579
312 317 0.521
312 336 0.47
312 337 0.509
312 338 0.44
312 343 0.409
312 344 0.486
312 345 0.444
312 346 0.472
312 347 0.501
312 348 0.415
313 314 0.83
313 315 0.677
313 316 0.676
313 317 0.616
313 318 0.419
313 337 0.41
313 344 0.409
313 347 0.425
314 315 0.793
314 316 0.68
314 317 0.682
314 318 0.519
314 319 0.423
314 320 0.429
315 316 0.842
315 317 0.668
315 318 0.607
315 319 0.548
315 320 0.496
316 317 0.762
316 318 0.672
316 319 0.628
316 320 0.582
317 318 0.772
317 319 0.593
317 320 0.617
317 321 0.525
317 347 0.412
318 319 0.774
318 320 0.713
318 321 0.617
318 322 0.537
318 323 0.486
318 324 0.433
318 325 0.426
319 320 0.802
319 321 0.607
319 322 0.603
319 323 0.592
319 324 0.491
319 325 0.485
319 326 0.439
320 321 0.784
320 322 0.691
320 323 0.648
320 324 0.579
320 325 0.538
320 326 0.475
321 322 0.799
321 323 0.665
321 324 0.681
321 325 0.655
321 326 0.532
321 327 0.446
321 354 0.44
322 323 0.811
322 324 0.733
322 325 0.696
322 326 0.62
322 327 0.513
323 324 0.816
323 325 0.729
323 326 0.691
323 327 0.579
323 328 0.447
324 325 0.844
324 326 0.752
324 327 0.681
324 328 0.564
324 329 0.488
324 330 0.449
324 354 0.411
324 355 0.42
324 364 0.415
325 326 0.827
325 327 0.699
325 328 0.573
325 329 0.47
326 327 0.799
326 328 0.635
326 329 0.522
327 328 0.827
327 329 0.722
327 330 0.579
327 364 0.474
327 365 0.448
328 329 0.86
328 330 0.666
328 331 0.46
328 363 0.413
328 364 0.537
328 365 0.527
328 366 0.447
329 330 0.783
329 331 0.6
329 364 0.536
329 365 0.578
329 366 0.531
329 367 0.424
330 331 0.787
330 332 0.57
330 355 0.444
330 359 0.425
330 363 0.437
330 364 0.565
330 365 0.631
330 366 0.632
330 367 0.574
330 368 0.458
330 386 0.414
330 387 0.448
330 388 0.418
331 332 0.755
331 333 0.51
331 364 0.417
331 365 0.536
331 366 0.574
331 367 0.642
331 368 0.572
331 369 0.498
331 387 0.425
331 388 0.451
331 389 0.431
332 333 0.74
332 334 0.595
332 335 0.447
332 366 0.472
332 367 0.581
332 368 0.662
332 369 0.62
332 370 0.553
332 371 0.484
332 372 0.416
332 373 0.461
332 374 0.457
332 388 0.427
332 389 0.482
332 390 0.423
332 393 0.445
332 396 0.425
332 397 0.435
332 400 0.409
333 334 0.842
333 335 0.675
333 336 0.492
333 368 0.522
333 369 0.594
333 370 0.585
333 371 0.539
333 372 0.477
333 373 0.529
333 374 0.48
333 393 0.455
333 394 0.411
333 396 0.441
333 397 0.471
333 400 0.417
334 335 0.831
334 336 0.646
334 337 0.545
334 338 0.461
334 339 0.423
334 348 0.476
334 369 0.454
334 370 0.514
334 371 0.557
334 372 0.552
334 373 0.601
334 374 0.501
334 375 0.458
335 336 0.79
335 337 0.675
335 338 0.573
335 339 0.545
335 340 0.457
335 344 0.432
335 345 0.484
335 346 0.437
335 347 0.512
335 348 0.598
335 349 0.485
335 370 0.415
335 371 0.503
335 372 0.558
335 373 0.595
335 374 0.441
335 375 0.471
335 376 0.445
336 337 0.819
336 338 0.67
336 339 0.587
336 340 0.484
336 341 0.458
336 342 0.418
336 344 0.486
336 345 0.512
336 346 0.474
336 347 0.545
336 348 0.601
336 349 0.485
336 372 0.459
336 373 0.488
337 338 0.864
337 339 0.733
337 340 0.582
337 341 0.544
337 342 0.473
337 343 0.442
337 344 0.582
337 345 0.571
337 346 0.472
337 347 0.494
337 348 0.551
337 349 0.443
337 372 0.435
337 373 0.454
338 339 0.808
338 340 0.705
338 341 0.624
338 342 0.538
338 343 0.478
338 344 0.613
338 345 0.608
338 346 0.463
338 347 0.42
338 348 0.482
338 372 0.415
338 373 0.411
339 340 0.796
339 341 0.65
339 342 0.57
339 343 0.486
339 344 0.603
339 345 0.672
339 346 0.528
339 347 0.453
339 348 0.541
339 349 0.485
339 372 0.475
339 373 0.481
339 375 0.433
339 376 0.448
340 341 0.75
340 342 0.61
340 343 0.502
340 344 0.565
340 345 0.6
340 346 0.446
340 348 0.43
340 372 0.431
340 373 0.425
341 342 0.816
341 343 0.658
341 344 0.653
341 345 0.634
341 346 0.478
341 348 0.443
342 343 0.758
342 344 0.642
342 345 0.657
342 346 0.526
342 347 0.449
342 348 0.459
343 344 0.753
343 345 0.648
343 346 0.565
343 347 0.477
343 348 0.451
344 345 0.807
344 346 0.657
344 347 0.529
344 348 0.521
344 349 0.457
345 346 0.812
345 347 0.667
345 348 0.657
345 349 0.591
345 350 0.485
345 351 0.439
345 373 0.419
345 376 0.428
346 347 0.806
346 348 0.716
346 349 0.667
346 350 0.62
346 351 0.541
346 352 0.454
346 376 0.415
347 348 0.823
347 349 0.717
347 350 0.703
347 351 0.642
347 352 0.53
347 353 0.433
347 373 0.408
347 376 0.439
348 349 0.814
348 350 0.706
348 351 0.682
348 352 0.625
348 353 0.477
348 372 0.489
348 373 0.517
348 375 0.447
348 376 0.542
348 377 0.472
348 379 0.448
348 380 0.434
349 350 0.839
349 351 0.747
349 352 0.687
349 353 0.607
349 354 0.498
349 355 0.417
349 372 0.419
349 373 0.464
349 375 0.419
349 376 0.564
349 377 0.542
349 379 0.5
349 380 0.518
349 381 0.422
350 351 0.844
350 352 0.716
350 353 0.666
350 354 0.616
350 355 0.529
350 356 0.493
350 357 0.411
350 376 0.437
350 377 0.436
350 380 0.442
351 352 0.797
351 353 0.711
351 354 0.651
351 355 0.592
351 356 0.524
351 357 0.459
351 358 0.411
351 376 0.449
351 377 0.457
351 380 0.437
351 382 0.421
352 353 0.802
352 354 0.671
352 355 0.636
352 356 0.629
352 357 0.521
352 358 0.476
352 376 0.504
352 377 0.525
352 380 0.504
352 381 0.469
352 382 0.48
353 354 0.783
353 355 0.697
353 356 0.656
353 357 0.601
353 358 0.512
353 359 0.441
353 360 0.417
353 376 0.43
353 377 0.477
353 380 0.496
353 381 0.479
353 382 0.504
353 385 0.448
354 355 0.841
354 356 0.715
354 357 0.68
354 358 0.664
354 359 0.536
354 360 0.492
354 361 0.488
354 362 0.432
354 363 0.424
354 364 0.434
354 381 0.421
354 382 0.45
354 385 0.424
355 356 0.829
355 357 0.738
355 358 0.714
355 359 0.637
355 360 0.548
355 361 0.499
355 362 0.476
355 363 0.5
355 364 0.52
355 365 0.459
355 366 0.522
355 381 0.434
355 382 0.498
355 384 0.416
355 385 0.485
355 386 0.49
356 357 0.812
356 358 0.694
356 359 0.651
356 360 0.629
356 361 0.534
356 362 0.504
356 363 0.515
356 364 0.495
356 365 0.412
356 366 0.486
356 380 0.421
356 381 0.479
356 382 0.548
356 383 0.441
356 384 0.477
356 385 0.564
356 386 0.532
356 387 0.423
357 358 0.772
357 359 0.718
357 360 0.628
357 361 0.594
357 362 0.538
357 363 0.561
357 364 0.535
357 365 0.407
357 366 0.41
357 381 0.427
357 382 0.475
357 384 0.412
357 385 0.534
357 386 0.451
358 359 0.814
358 360 0.626
358 361 0.613
358 362 0.627
358 363 0.659
358 364 0.65
358 365 0.504
358 366 0.461
358 382 0.413
358 385 0.47
358 386 0.416
359 360 0.76
359 361 0.622
359 362 0.647
359 363 0.702
359 364 0.684
359 365 0.542
359 366 0.555
359 367 0.432
359 382 0.42
359 384 0.443
359 385 0.529
359 386 0.499
359 387 0.483
360 361 0.74
360 362 0.592
360 363 0.602
360 364 0.533
360 365 0.433
360 366 0.454
360 381 0.412
360 382 0.429
360 384 0.439
360 385 0.533
360 386 0.457
360 387 0.439
361 362 0.724
361 363 0.65
361 364 0.594
361 365 0.448
361 385 0.443
362 363 0.796
362 364 0.717
362 365 0.506
362 366 0.438
362 385 0.42
363 364 0.845
363 365 0.626
363 366 0.531
363 367 0.408
363 385 0.465
363 386 0.429
363 387 0.442
364 365 0.773
364 366 0.645
364 367 0.487
364 385 0.43
364 386 0.447
364 387 0.471
365 366 0.803
365 367 0.615
365 368 0.464
365 384 0.413
365 385 0.421
365 386 0.519
365 387 0.554
365 388 0.487
366 367 0.736
366 368 0.578
366 383 0.466
366 384 0.466
366 385 0.463
366 386 0.609
366 387 0.646
366 388 0.594
366 389 0.492
367 368 0.79
367 369 0.663
367 370 0.531
367 383 0.407
367 386 0.523
367 387 0.59
367 388 0.646
367 389 0.607
367 390 0.505
367 393 0.417
367 396 0.411
368 369 0.827
368 370 0.727
368 371 0.589
368 372 0.472
368 373 0.524
368 374 0.586
368 375 0.43
368 383 0.411
368 386 0.484
368 387 0.521
368 388 0.617
368 389 0.68
368 390 0.613
368 391 0.516
368 392 0.489
368 393 0.554
368 394 0.472
368 395 0.413
368 396 0.49
368 397 0.467
368 398 0.409
368 399 0.414
368 400 0.423
369 370 0.834
369 371 0.667
369 372 0.522
369 373 0.521
369 374 0.588
369 375 0.458
369 388 0.515
369 389 0.615
369 390 0.644
369 391 0.588
369 392 0.588
369 393 0.671
369 394 0.581
369 395 0.533
369 396 0.624
369 397 0.577
369 398 0.516
369 399 0.517
369 400 0.507
369 401 0.459
369 402 0.432
369 403 0.409
370 371 0.844
370 372 0.678
370 373 0.639
370 374 0.702
370 375 0.611
370 376 0.454
370 378 0.507
370 388 0.448
370 389 0.573
370 390 0.601
370 391 0.588
370 392 0.576
370 393 0.641
370 394 0.554
370 395 0.509
370 396 0.565
370 397 0.525
370 398 0.466
370 399 0.466
370 400 0.456
370 401 0.418
371 372 0.844
371 373 0.751
371 374 0.747
371 375 0.694
371 376 0.535
371 378 0.54
371 379 0.417
371 389 0.454
371 390 0.469
371 391 0.482
371 392 0.473
371 393 0.547
371 394 0.462
371 395 0.417
371 396 0.451
371 397 0.43
372 373 0.838
372 374 0.729
372 375 0.735
372 376 0.645
372 377 0.505
372 378 0.542
372 379 0.497
372 393 0.416
373 374 0.761
373 375 0.734
373 376 0.679
373 377 0.548
373 378 0.53
373 379 0.502
374 375 0.818
374 376 0.641
374 377 0.517
374 378 0.681
374 379 0.517
374 389 0.506
374 390 0.489
374 391 0.469
374 392 0.444
374 393 0.454
375 376 0.773
375 377 0.619
375 378 0.7
375 379 0.655
375 380 0.472
376 377 0.777
376 378 0.6
376 379 0.693
376 380 0.649
376 381 0.485
376 382 0.47
376 383 0.424
377 378 0.613
377 379 0.676
377 380 0.71
377 381 0.629
377 382 0.587
377 383 0.456
378 379 0.72
378 380 0.489
378 381 0.428
379 380 0.759
379 381 0.582
379 382 0.476
380 381 0.793
380 382 0.667
380 383 0.486
380 384 0.427
381 382 0.805
381 383 0.652
381 384 0.593
381 385 0.549
381 386 0.513
382 383 0.8
382 384 0.696
382 385 0.672
382 386 0.642
382 387 0.456
383 384 0.829
383 385 0.658
383 386 0.715
383 387 0.584
383 388 0.509
383 389 0.51
384 385 0.8
384 386 0.734
384 387 0.599
384 388 0.517
384 389 0.484
385 386 0.819
385 387 0.617
385 388 0.491
385 389 0.409
386 387 0.827
386 388 0.689
386 389 0.585
386 390 0.417
387 388 0.835
387 389 0.672
387 390 0.495
388 389 0.772
388 390 0.649
388 391 0.534
388 392 0.469
388 393 0.453
388 396 0.429
389 390 0.803
389 391 0.625
389 392 0.532
389 393 0.502
389 394 0.438
389 395 0.442
389 396 0.495
389 397 0.417
390 391 0.842
390 392 0.745
390 393 0.622
390 394 0.573
390 395 0.58
390 396 0.605
390 397 0.497
390 398 0.458
390 399 0.462
390 400 0.426
391 392 0.864
391 393 0.715
391 394 0.671
391 395 0.654
391 396 0.631
391 397 0.529
391 398 0.498
391 399 0.479
391 400 0.442
392 393 0.792
392 394 0.759
392 395 0.733
392 396 0.681
392 397 0.585
392 398 0.547
392 399 0.512
392 400 0.479
392 401 0.439
392 403 0.433
392 404 0.417
392 405 0.423
393 394 0.837
393 395 0.763
393 396 0.712
393 397 0.686
393 398 0.611
393 399 0.578
393 400 0.534
393 401 0.515
393 402 0.445
393 403 0.485
393 404 0.429
393 405 0.415
394 395 0.851
394 396 0.734
394 397 0.722
394 398 0.675
394 399 0.616
394 400 0.579
394 401 0.561
394 402 0.476
394 403 0.513
394 404 0.47
394 405 0.483
395 396 0.845
395 397 0.736
395 398 0.723
395 399 0.686
395 400 0.615
395 401 0.582
395 402 0.51
395 403 0.544
395 404 0.518
395 405 0.526
396 397 0.828
396 398 0.77
396 399 0.741
396 400 0.697
396 401 0.606
396 402 0.536
396 403 0.534
396 404 0.484
396 405 0.464
397 398 0.853
397 399 0.762
397 400 0.731
397 401 0.701
397 402 0.595
397 403 0.575
397 404 0.481
397 405 0.421
398 399 0.853
398 400 0.747
398 401 0.737
398 402 0.643
398 403 0.64
398 404 0.554
398 405 0.482
399 400 0.834
399 401 0.756
399 402 0.714
399 403 0.67
399 404 0.582
399 405 0.496
400 401 0.812
400 402 0.738
400 403 0.631
400 404 0.536
400 405 0.423
401 402 0.846
401 403 0.723
401 404 0.562
401 405 0.414
402 403 0.803
402 404 0.65
402 405 0.447
403 404 0.795
403 405 0.575
404 405 0.712
404 408 0.412
405 406 0.724
405 407 0.649
405 408 0.514
406 407 0.821
406 408 0.523
406 409 0.567
406 410 0.534
407 408 0.633
407 409 0.584
407 410 0.558
407 411 0.436
408 409 0.668
408 410 0.609
408 411 0.615
408 412 0.459
409 410 0.808
409 411 0.681
409 412 0.526
410 411 0.781
410 412 0.577
410 413 0.443
411 412 0.773
411 413 0.603
411 414 0.485
412 413 0.753
412 414 0.617
413 414 0.812
