# mean= 0.366 s.d.= 0.0844 thr=0.2 0.54 SIGMA= 2
#Residue names written in 16PKA_MIN8.0_ALL_PHIPSIPSI.names.dat
#resi resj coupling
1 2 0.642
1 3 0.549
2 3 0.655
2 4 0.596
2 5 0.541
2 6 0.541
2 183 0.563
2 184 0.573
2 412 0.541
3 4 0.703
3 5 0.595
3 6 0.57
3 183 0.564
3 184 0.583
3 185 0.561
3 186 0.553
4 5 0.662
4 6 0.584
4 7 0.571
4 45 0.536
4 157 0.541
4 158 0.563
4 159 0.543
4 160 0.542
4 183 0.575
4 184 0.593
4 185 0.589
4 186 0.579
5 6 0.655
5 7 0.565
5 186 0.54
6 7 0.637
7 8 0.576
8 9 0.539
9 10 0.672
9 12 0.58
9 13 0.559
9 14 0.539
9 49 0.56
9 50 0.541
10 49 0.539
11 12 0.634
11 13 0.554
11 49 0.539
12 13 0.693
12 14 0.603
12 15 0.539
12 49 0.549
12 50 0.566
12 51 0.557
12 155 0.555
12 156 0.539
13 14 0.703
13 15 0.623
13 16 0.559
13 45 0.54
13 49 0.538
13 50 0.574
13 51 0.593
13 52 0.572
13 53 0.576
13 153 0.582
13 154 0.598
13 155 0.6
13 156 0.58
13 157 0.567
13 158 0.539
14 15 0.723
14 16 0.619
14 17 0.573
14 45 0.562
14 50 0.559
14 51 0.581
14 52 0.598
14 53 0.608
14 54 0.571
14 55 0.542
14 153 0.566
14 154 0.581
14 155 0.589
14 156 0.596
14 157 0.602
14 158 0.586
14 159 0.537
15 16 0.685
15 17 0.626
15 18 0.548
15 51 0.539
15 52 0.58
15 53 0.613
15 54 0.6
15 55 0.593
15 56 0.536
15 125 0.547
15 126 0.54
15 150 0.555
15 153 0.582
15 154 0.585
15 155 0.579
15 156 0.597
15 157 0.63
15 158 0.613
15 159 0.574
15 160 0.559
15 171 0.542
15 172 0.546
15 175 0.552
15 183 0.54
15 184 0.54
15 185 0.551
16 17 0.74
16 18 0.603
16 19 0.539
16 41 0.536
16 42 0.546
16 52 0.574
16 53 0.6
16 54 0.616
16 55 0.614
16 56 0.567
16 125 0.556
16 126 0.545
16 153 0.535
16 154 0.535
16 156 0.551
16 157 0.606
16 158 0.625
16 159 0.604
16 160 0.599
16 161 0.562
16 162 0.555
16 171 0.551
16 172 0.561
16 183 0.545
16 184 0.561
16 185 0.579
16 186 0.554
16 188 0.55
17 18 0.644
17 19 0.59
17 20 0.557
17 52 0.541
17 53 0.577
17 54 0.615
17 55 0.644
17 56 0.614
17 57 0.549
17 125 0.558
17 126 0.557
17 127 0.549
17 128 0.554
17 129 0.565
17 157 0.591
17 158 0.612
17 159 0.619
17 160 0.621
17 161 0.598
17 162 0.589
17 163 0.539
17 164 0.545
17 165 0.556
17 169 0.548
17 170 0.557
17 171 0.593
17 172 0.601
17 173 0.539
17 175 0.546
17 183 0.543
17 184 0.567
17 185 0.584
17 186 0.561
17 187 0.548
17 188 0.575
17 189 0.543
17 332 0.537
18 19 0.729
18 20 0.606
18 54 0.582
18 55 0.603
18 56 0.603
18 57 0.545
18 125 0.541
18 128 0.543
18 158 0.542
18 159 0.563
18 160 0.591
18 161 0.566
18 162 0.558
18 172 0.537
18 185 0.547
18 186 0.541
18 187 0.537
18 188 0.551
19 20 0.655
19 21 0.599
19 54 0.541
19 55 0.567
19 56 0.573
19 57 0.541
19 128 0.539
19 160 0.559
19 161 0.548
19 162 0.541
20 21 0.736
20 22 0.603
20 34 0.56
20 35 0.56
20 54 0.546
20 55 0.569
20 56 0.591
20 57 0.564
20 58 0.565
20 87 0.552
20 125 0.537
20 127 0.546
20 128 0.565
20 160 0.541
21 22 0.652
21 34 0.537
21 56 0.565
21 57 0.566
21 58 0.585
21 128 0.548
22 23 0.621
23 24 0.571
28 29 0.604
29 30 0.573
31 32 0.556
32 33 0.672
32 34 0.596
32 35 0.599
32 36 0.565
33 34 0.703
33 35 0.615
33 36 0.598
33 37 0.55
34 35 0.707
34 36 0.606
34 37 0.577
34 38 0.549
35 36 0.671
35 37 0.583
35 38 0.573
35 39 0.559
36 37 0.639
36 38 0.589
36 39 0.573
37 38 0.655
37 39 0.559
38 39 0.636
38 40 0.54
39 40 0.662
39 41 0.603
39 42 0.583
39 43 0.545
39 186 0.541
40 41 0.652
40 42 0.566
40 43 0.554
40 44 0.545
41 42 0.662
41 43 0.572
41 44 0.578
41 45 0.569
41 160 0.559
41 185 0.559
41 186 0.567
42 43 0.678
42 44 0.63
42 45 0.615
42 46 0.567
42 52 0.54
42 54 0.545
42 185 0.541
42 186 0.545
43 44 0.695
43 45 0.596
43 46 0.581
43 47 0.535
44 45 0.688
44 46 0.592
44 47 0.547
44 48 0.556
45 46 0.648
45 47 0.55
45 48 0.565
45 49 0.584
45 50 0.591
45 51 0.568
45 52 0.563
46 47 0.639
46 48 0.577
46 49 0.583
46 50 0.557
46 51 0.538
47 48 0.609
47 49 0.552
48 49 0.643
48 50 0.586
49 50 0.706
49 51 0.596
50 51 0.689
50 52 0.585
50 53 0.536
51 52 0.674
51 53 0.595
51 54 0.545
51 122 0.547
51 123 0.536
52 53 0.688
52 54 0.618
52 55 0.557
52 122 0.545
52 123 0.566
52 124 0.559
52 125 0.557
53 54 0.699
53 55 0.615
53 56 0.548
53 123 0.556
53 124 0.582
53 125 0.594
53 126 0.576
53 127 0.542
53 153 0.56
53 154 0.542
53 157 0.558
53 158 0.553
54 55 0.701
54 56 0.611
54 104 0.547
54 123 0.543
54 124 0.57
54 125 0.621
54 126 0.605
54 127 0.579
54 128 0.56
54 129 0.551
54 157 0.552
54 158 0.561
54 159 0.554
54 160 0.562
54 185 0.543
55 56 0.69
55 57 0.589
55 104 0.535
55 108 0.542
55 124 0.541
55 125 0.6
55 126 0.609
55 127 0.599
55 128 0.595
55 129 0.593
55 130 0.558
55 150 0.538
55 157 0.555
55 158 0.56
55 159 0.567
55 160 0.574
55 161 0.553
55 162 0.546
55 170 0.537
55 171 0.569
55 172 0.568
55 185 0.54
56 57 0.72
56 58 0.596
56 87 0.554
56 125 0.569
56 126 0.576
56 127 0.593
56 128 0.618
56 129 0.603
56 130 0.582
56 131 0.55
56 159 0.544
56 160 0.561
56 161 0.551
56 162 0.546
56 171 0.549
56 172 0.547
57 58 0.656
57 127 0.552
57 128 0.593
57 129 0.572
57 130 0.577
57 131 0.546
58 59 0.579
58 86 0.539
58 87 0.542
58 127 0.542
58 128 0.589
58 129 0.543
58 130 0.562
58 131 0.539
59 60 0.649
61 62 0.611
62 63 0.567
63 64 0.592
63 131 0.541
64 65 0.687
64 66 0.558
64 130 0.551
64 131 0.574
64 132 0.575
64 133 0.578
65 66 0.616
65 131 0.536
65 132 0.569
65 133 0.577
65 134 0.546
66 67 0.568
66 132 0.555
67 68 0.553
68 69 0.595
69 70 0.556
70 71 0.549
71 72 0.609
72 73 0.575
73 74 0.589
78 79 0.561
79 80 0.548
80 81 0.657
81 82 0.635
82 83 0.645
82 84 0.541
82 85 0.552
82 86 0.54
83 84 0.605
83 85 0.541
84 85 0.576
85 86 0.655
85 87 0.551
85 128 0.536
86 87 0.705
86 88 0.579
86 127 0.598
86 128 0.611
86 129 0.545
86 130 0.539
86 131 0.547
87 88 0.686
87 89 0.602
87 90 0.61
87 91 0.555
87 104 0.541
87 125 0.556
87 126 0.563
87 127 0.622
87 128 0.622
87 129 0.559
87 130 0.538
87 131 0.536
88 89 0.645
88 90 0.586
88 91 0.551
88 127 0.538
89 90 0.636
89 91 0.545
89 93 0.537
90 91 0.625
90 92 0.571
90 93 0.584
90 94 0.576
91 92 0.645
91 93 0.589
91 94 0.593
91 95 0.55
92 93 0.658
92 94 0.604
92 95 0.586
92 96 0.536
93 94 0.693
93 95 0.609
93 96 0.577
93 97 0.563
94 95 0.669
94 96 0.573
94 97 0.586
94 98 0.561
95 96 0.643
95 97 0.58
95 98 0.558
95 99 0.536
95 100 0.56
95 102 0.542
96 97 0.612
96 99 0.548
97 98 0.641
97 99 0.551
98 99 0.599
98 100 0.543
99 100 0.607
100 101 0.639
100 102 0.564
101 102 0.56
102 103 0.606
102 104 0.569
102 123 0.542
102 124 0.536
102 125 0.543
103 104 0.673
103 105 0.556
103 123 0.55
103 124 0.568
103 125 0.569
104 105 0.624
104 106 0.535
104 107 0.554
104 124 0.57
104 125 0.617
104 126 0.607
104 127 0.588
104 128 0.544
105 106 0.563
105 107 0.601
105 108 0.57
105 124 0.539
105 125 0.583
105 126 0.581
105 127 0.582
105 128 0.542
106 107 0.564
106 127 0.546
107 108 0.695
107 109 0.61
107 110 0.565
107 125 0.541
107 126 0.576
107 127 0.599
107 128 0.578
107 129 0.563
107 130 0.537
107 131 0.554
107 132 0.547
108 109 0.661
108 110 0.566
108 125 0.549
108 126 0.58
108 127 0.592
108 128 0.575
108 129 0.572
108 130 0.54
108 131 0.543
108 132 0.546
108 150 0.54
109 110 0.65
109 111 0.54
109 126 0.539
109 127 0.547
109 129 0.547
109 132 0.542
109 150 0.546
110 111 0.597
111 112 0.561
112 113 0.565
114 115 0.569
115 116 0.552
116 117 0.559
117 118 0.612
118 119 0.596
119 120 0.574
120 121 0.575
121 122 0.616
122 123 0.675
122 124 0.57
123 124 0.657
123 125 0.585
124 125 0.675
124 126 0.603
124 127 0.549
125 126 0.724
125 127 0.65
125 128 0.59
125 129 0.553
126 127 0.725
126 128 0.642
126 129 0.593
126 130 0.543
126 131 0.543
127 128 0.756
127 129 0.658
127 130 0.604
127 131 0.607
127 132 0.569
128 129 0.718
128 130 0.679
128 131 0.66
128 132 0.612
128 133 0.55
129 130 0.744
129 131 0.68
129 132 0.658
129 133 0.595
129 134 0.55
129 135 0.572
129 146 0.538
129 169 0.538
129 170 0.542
129 171 0.557
129 172 0.546
130 131 0.763
130 132 0.7
130 133 0.638
130 134 0.575
130 135 0.582
130 171 0.536
131 132 0.757
131 133 0.652
131 134 0.576
131 135 0.564
132 133 0.741
132 134 0.659
132 135 0.613
132 146 0.551
133 134 0.707
133 135 0.619
134 135 0.67
135 169 0.539
135 170 0.542
140 141 0.554
141 142 0.557
142 143 0.627
143 144 0.679
143 145 0.601
143 146 0.604
143 147 0.58
143 169 0.541
143 170 0.549
144 145 0.69
144 146 0.615
144 147 0.603
144 148 0.569
144 174 0.536
145 146 0.696
145 147 0.593
145 148 0.573
145 149 0.544
146 147 0.676
146 148 0.592
146 149 0.58
146 150 0.578
146 170 0.55
146 171 0.539
146 174 0.536
147 148 0.659
147 149 0.6
147 150 0.604
147 151 0.573
147 152 0.536
147 170 0.55
147 171 0.552
147 172 0.538
147 174 0.552
147 175 0.558
148 149 0.656
148 150 0.593
148 151 0.577
148 152 0.551
148 153 0.535
149 150 0.675
149 151 0.596
149 152 0.586
149 153 0.57
150 151 0.682
150 152 0.606
150 153 0.608
150 154 0.557
150 157 0.542
150 171 0.541
150 175 0.553
151 152 0.654
151 153 0.592
151 154 0.559
152 153 0.656
152 154 0.586
152 155 0.542
153 154 0.701
153 155 0.61
153 156 0.569
153 157 0.567
154 155 0.705
154 156 0.623
154 157 0.602
154 158 0.538
155 156 0.678
155 157 0.621
155 158 0.543
155 181 0.552
156 157 0.721
156 158 0.607
156 159 0.542
156 181 0.569
156 183 0.537
157 158 0.703
157 159 0.622
157 160 0.585
157 161 0.536
157 171 0.558
157 172 0.573
157 173 0.541
157 174 0.542
157 175 0.576
157 176 0.567
157 179 0.545
157 181 0.594
157 182 0.57
157 183 0.591
157 184 0.578
157 185 0.572
157 186 0.537
157 188 0.537
158 159 0.688
158 160 0.638
158 161 0.574
158 162 0.567
158 171 0.544
158 172 0.566
158 175 0.548
158 176 0.536
158 181 0.546
158 182 0.54
158 183 0.602
158 184 0.614
158 185 0.622
158 186 0.58
158 187 0.544
158 188 0.575
158 189 0.547
159 160 0.727
159 161 0.645
159 162 0.617
159 163 0.542
159 164 0.551
159 165 0.565
159 171 0.561
159 172 0.598
159 173 0.54
159 175 0.54
159 183 0.594
159 184 0.625
159 185 0.638
159 186 0.596
159 187 0.579
159 188 0.623
159 189 0.576
159 190 0.56
159 191 0.549
159 411 0.536
160 161 0.731
160 162 0.678
160 163 0.59
160 164 0.586
160 165 0.588
160 166 0.544
160 171 0.555
160 172 0.59
160 183 0.568
160 184 0.613
160 185 0.653
160 186 0.642
160 187 0.64
160 188 0.663
160 189 0.614
160 190 0.599
160 191 0.586
160 192 0.538
160 194 0.551
160 195 0.544
160 332 0.547
160 367 0.535
160 368 0.541
160 390 0.557
160 391 0.536
160 396 0.55
160 399 0.536
160 405 0.535
161 162 0.747
161 163 0.651
161 164 0.603
161 165 0.605
161 166 0.557
161 167 0.538
161 171 0.548
161 172 0.585
161 184 0.565
161 185 0.595
161 186 0.586
161 187 0.596
161 188 0.617
161 189 0.573
161 190 0.564
161 191 0.558
161 390 0.545
161 396 0.545
162 163 0.717
162 164 0.621
162 165 0.629
162 166 0.573
162 167 0.549
162 171 0.542
162 172 0.58
162 184 0.566
162 185 0.59
162 186 0.589
162 187 0.601
162 188 0.63
162 189 0.591
162 190 0.594
162 191 0.592
162 192 0.54
162 194 0.557
162 195 0.558
162 332 0.553
162 333 0.539
162 367 0.55
162 368 0.559
162 369 0.547
162 388 0.552
162 389 0.543
162 390 0.594
162 391 0.566
162 392 0.545
162 395 0.553
162 396 0.588
162 397 0.558
162 398 0.556
162 399 0.568
162 400 0.55
162 405 0.569
163 164 0.618
163 165 0.591
163 166 0.553
163 172 0.542
163 187 0.542
163 188 0.564
163 190 0.536
163 191 0.54
163 390 0.544
163 396 0.543
164 165 0.655
164 166 0.598
164 167 0.554
164 172 0.571
164 188 0.557
164 405 0.544
165 166 0.687
165 167 0.609
165 168 0.562
165 169 0.554
165 170 0.54
165 171 0.551
165 172 0.594
165 173 0.54
165 185 0.535
165 187 0.537
165 188 0.567
165 191 0.537
165 390 0.545
165 396 0.544
165 405 0.592
165 406 0.557
166 167 0.638
166 168 0.565
166 169 0.554
166 172 0.56
166 188 0.536
166 405 0.584
166 406 0.554
167 168 0.678
167 169 0.615
167 170 0.561
167 171 0.544
167 172 0.575
167 173 0.548
167 405 0.549
168 169 0.68
168 170 0.609
168 171 0.571
168 172 0.598
168 173 0.586
168 174 0.575
168 175 0.545
169 170 0.711
169 171 0.626
169 172 0.65
169 173 0.621
169 174 0.608
169 175 0.569
170 171 0.689
170 172 0.656
170 173 0.634
170 174 0.64
170 175 0.607
170 176 0.558
171 172 0.717
171 173 0.618
171 174 0.612
171 175 0.607
171 176 0.562
172 173 0.712
172 174 0.647
172 175 0.617
172 176 0.585
172 177 0.541
172 183 0.536
172 184 0.548
172 185 0.548
172 188 0.558
172 405 0.541
173 174 0.724
173 175 0.643
173 176 0.626
173 177 0.574
173 178 0.538
174 175 0.711
174 176 0.614
174 177 0.594
174 178 0.567
175 176 0.7
175 177 0.607
175 178 0.591
175 179 0.576
175 181 0.549
176 177 0.672
176 178 0.61
176 179 0.593
176 180 0.567
176 181 0.574
177 178 0.678
177 179 0.568
177 180 0.573
177 181 0.549
178 179 0.65
178 180 0.581
178 181 0.544
179 180 0.637
179 181 0.584
180 181 0.618
181 182 0.637
181 183 0.563
182 183 0.563
182 184 0.552
183 184 0.728
183 185 0.619
183 186 0.567
183 188 0.556
183 189 0.545
183 411 0.552
184 185 0.684
184 186 0.632
184 187 0.577
184 188 0.617
184 189 0.6
184 190 0.568
184 191 0.549
184 411 0.546
185 186 0.744
185 187 0.642
185 188 0.649
185 189 0.622
185 190 0.59
185 191 0.57
186 187 0.726
186 188 0.675
186 189 0.657
186 190 0.629
186 191 0.6
186 192 0.543
186 194 0.543
186 195 0.536
186 390 0.543
187 188 0.747
187 189 0.673
187 190 0.662
187 191 0.635
187 192 0.567
187 193 0.555
187 194 0.564
187 195 0.554
187 390 0.559
187 391 0.536
187 396 0.539
188 189 0.75
188 190 0.686
188 191 0.66
188 192 0.598
188 193 0.575
188 194 0.591
188 195 0.576
188 196 0.548
188 332 0.545
188 367 0.544
188 368 0.549
188 369 0.535
188 388 0.549
188 390 0.58
188 391 0.553
188 396 0.557
188 399 0.543
188 405 0.54
189 190 0.739
189 191 0.659
189 192 0.602
189 193 0.584
189 194 0.585
189 195 0.566
189 196 0.538
189 390 0.561
189 391 0.537
189 396 0.539
190 191 0.714
190 192 0.609
190 193 0.606
190 194 0.613
190 195 0.583
190 196 0.551
190 332 0.541
190 367 0.548
190 368 0.553
190 369 0.54
190 388 0.565
190 389 0.539
190 390 0.595
190 391 0.567
190 392 0.54
190 396 0.557
190 399 0.537
191 192 0.692
191 193 0.628
191 194 0.63
191 195 0.618
191 196 0.583
191 197 0.556
191 332 0.544
191 367 0.554
191 368 0.559
191 369 0.546
191 388 0.576
191 389 0.547
191 390 0.605
191 391 0.573
191 392 0.543
191 396 0.562
191 397 0.537
191 399 0.544
191 400 0.536
192 193 0.684
192 194 0.633
192 195 0.613
192 196 0.6
192 197 0.548
192 390 0.547
193 194 0.654
193 195 0.599
193 196 0.597
193 197 0.563
194 195 0.699
194 196 0.625
194 197 0.632
194 198 0.58
194 331 0.535
194 332 0.554
194 333 0.535
194 366 0.536
194 367 0.57
194 368 0.559
194 369 0.539
194 388 0.561
194 389 0.536
194 390 0.566
194 396 0.556
194 399 0.55
194 400 0.547
195 196 0.707
195 197 0.642
195 198 0.608
195 199 0.564
195 331 0.54
195 332 0.558
195 333 0.54
195 367 0.57
195 368 0.562
195 369 0.544
195 388 0.561
195 390 0.571
195 396 0.567
195 397 0.55
195 398 0.551
195 399 0.567
195 400 0.564
196 197 0.688
196 198 0.619
196 199 0.58
196 367 0.536
197 198 0.67
197 199 0.576
197 200 0.541
197 367 0.541
198 199 0.628
198 200 0.54
198 331 0.543
198 332 0.543
198 367 0.547
199 200 0.595
200 201 0.587
202 203 0.64
202 204 0.587
203 204 0.645
203 205 0.562
204 205 0.766
204 206 0.652
204 207 0.546
204 229 0.543
204 230 0.558
204 327 0.586
204 328 0.611
204 329 0.595
205 206 0.727
205 207 0.589
205 208 0.537
205 229 0.564
205 230 0.589
205 231 0.557
205 326 0.545
205 327 0.609
205 328 0.617
205 329 0.597
205 330 0.535
206 207 0.666
206 208 0.587
206 209 0.541
206 228 0.563
206 229 0.588
206 230 0.602
206 231 0.58
206 232 0.542
206 327 0.6
206 328 0.599
206 329 0.61
206 330 0.572
206 331 0.564
206 332 0.546
206 365 0.537
207 208 0.629
207 209 0.569
207 229 0.55
207 230 0.557
207 231 0.567
207 232 0.545
207 233 0.55
207 327 0.559
207 328 0.543
207 329 0.564
207 330 0.561
207 331 0.561
207 332 0.553
208 209 0.636
208 210 0.584
208 229 0.556
208 230 0.546
208 231 0.566
208 232 0.563
208 233 0.574
208 234 0.553
208 327 0.536
208 329 0.549
208 330 0.562
208 331 0.591
208 332 0.59
208 333 0.567
208 367 0.545
208 368 0.54
209 210 0.665
209 211 0.565
209 231 0.545
209 232 0.556
209 233 0.592
209 234 0.586
209 235 0.549
209 320 0.54
209 330 0.541
209 331 0.577
209 332 0.615
209 333 0.597
209 334 0.55
209 335 0.541
209 336 0.546
209 367 0.548
209 368 0.554
210 211 0.663
210 212 0.595
210 218 0.54
210 221 0.546
210 222 0.542
210 232 0.556
210 233 0.592
210 234 0.617
210 235 0.593
210 236 0.562
210 238 0.576
210 239 0.55
210 331 0.561
210 332 0.619
210 333 0.638
210 334 0.596
210 335 0.584
210 336 0.584
210 348 0.542
210 367 0.541
210 368 0.557
210 369 0.543
211 212 0.622
211 233 0.536
211 234 0.573
211 235 0.579
211 236 0.565
211 237 0.542
211 238 0.568
211 239 0.543
211 332 0.568
211 333 0.601
211 334 0.583
211 335 0.578
211 336 0.579
212 213 0.646
212 214 0.581
212 215 0.555
212 234 0.546
212 235 0.56
212 236 0.599
212 237 0.597
212 238 0.595
212 239 0.55
212 333 0.569
212 334 0.568
212 335 0.573
212 336 0.56
213 214 0.607
213 215 0.556
213 237 0.559
213 238 0.548
214 215 0.68
214 216 0.589
214 217 0.556
214 218 0.545
214 237 0.552
214 238 0.563
214 256 0.546
215 216 0.652
215 217 0.57
215 218 0.574
215 219 0.539
215 237 0.542
215 238 0.583
215 239 0.565
215 240 0.548
215 241 0.564
215 242 0.538
215 256 0.542
216 217 0.601
216 218 0.578
216 219 0.545
216 238 0.536
217 218 0.614
217 219 0.537
218 219 0.69
218 220 0.633
218 221 0.62
218 222 0.586
218 223 0.544
218 238 0.537
218 333 0.538
219 220 0.687
219 221 0.636
219 222 0.601
219 223 0.569
219 224 0.547
219 225 0.538
220 221 0.68
220 222 0.627
220 223 0.607
220 224 0.587
220 225 0.568
221 222 0.691
221 223 0.632
221 224 0.622
221 225 0.614
221 226 0.558
221 332 0.538
221 333 0.547
221 397 0.539
221 399 0.536
221 400 0.546
222 223 0.707
222 224 0.665
222 225 0.65
222 226 0.589
222 227 0.541
222 228 0.552
222 229 0.547
222 333 0.537
222 400 0.54
223 224 0.697
223 225 0.628
223 226 0.57
223 227 0.536
224 225 0.726
224 226 0.61
224 227 0.565
224 228 0.571
224 229 0.546
224 399 0.536
224 400 0.558
225 226 0.698
225 227 0.599
225 228 0.613
225 229 0.597
225 230 0.55
225 231 0.54
225 232 0.537
225 331 0.54
225 332 0.549
225 399 0.536
225 400 0.552
226 227 0.657
226 228 0.6
226 229 0.594
226 230 0.55
226 231 0.54
227 228 0.66
227 229 0.611
227 230 0.56
228 229 0.753
228 230 0.644
228 231 0.594
228 232 0.552
229 230 0.722
229 231 0.668
229 232 0.603
229 233 0.559
229 275 0.541
229 327 0.543
229 329 0.542
229 331 0.536
230 231 0.741
230 232 0.631
230 233 0.567
230 275 0.549
230 276 0.551
230 277 0.545
230 327 0.568
230 328 0.551
230 329 0.55
231 232 0.719
231 233 0.608
231 234 0.562
231 275 0.538
231 276 0.544
231 277 0.562
231 278 0.558
231 320 0.542
231 327 0.567
231 329 0.537
231 332 0.536
232 233 0.663
232 234 0.594
232 277 0.568
232 278 0.564
232 279 0.536
232 320 0.535
232 332 0.544
233 234 0.679
233 235 0.589
233 236 0.539
233 239 0.545
233 277 0.552
233 278 0.597
233 279 0.579
233 280 0.545
233 316 0.549
233 320 0.593
233 331 0.541
233 332 0.57
233 333 0.555
233 336 0.535
234 235 0.668
234 236 0.602
234 237 0.544
234 238 0.597
234 239 0.6
234 240 0.555
234 242 0.548
234 277 0.538
234 278 0.583
234 279 0.6
234 280 0.567
234 312 0.538
234 316 0.55
234 320 0.577
234 332 0.573
234 333 0.575
234 334 0.546
234 335 0.548
234 336 0.567
235 236 0.734
235 237 0.58
235 238 0.603
235 239 0.581
235 240 0.549
235 279 0.55
235 280 0.545
235 311 0.537
235 312 0.538
235 332 0.547
235 333 0.56
235 334 0.551
235 335 0.563
235 336 0.586
236 237 0.666
236 238 0.621
236 239 0.587
236 240 0.562
236 311 0.543
236 333 0.541
236 334 0.547
236 335 0.563
236 336 0.576
237 238 0.703
237 239 0.627
237 240 0.611
237 241 0.592
237 242 0.554
237 336 0.536
238 239 0.692
238 240 0.64
238 241 0.626
238 242 0.595
238 243 0.538
238 279 0.536
238 333 0.545
238 334 0.538
238 335 0.542
238 336 0.555
239 240 0.72
239 241 0.66
239 242 0.654
239 243 0.608
239 244 0.551
239 279 0.575
239 280 0.56
239 283 0.536
239 311 0.539
239 312 0.537
239 336 0.542
240 241 0.749
240 242 0.677
240 243 0.642
240 244 0.609
240 253 0.545
240 254 0.544
240 279 0.554
240 280 0.55
240 283 0.543
240 311 0.538
241 242 0.72
241 243 0.636
241 244 0.62
241 245 0.562
241 256 0.551
242 243 0.716
242 244 0.636
242 245 0.589
242 246 0.548
242 263 0.547
242 279 0.561
242 280 0.537
243 244 0.682
243 245 0.584
243 246 0.567
243 247 0.546
243 248 0.552
243 279 0.543
244 245 0.626
244 246 0.551
244 247 0.554
244 248 0.542
245 246 0.586
245 247 0.543
246 247 0.625
247 248 0.619
248 249 0.652
248 250 0.553
248 302 0.565
249 250 0.622
249 251 0.567
249 302 0.565
249 303 0.537
250 251 0.679
250 253 0.563
250 303 0.549
251 252 0.625
251 253 0.57
252 253 0.644
252 307 0.548
253 254 0.648
253 255 0.541
253 308 0.548
253 309 0.543
254 255 0.647
254 256 0.559
255 256 0.629
256 257 0.619
256 258 0.545
256 259 0.538
257 258 0.592
258 259 0.575
259 260 0.646
259 261 0.544
259 262 0.555
259 263 0.537
260 261 0.643
260 262 0.585
260 263 0.571
261 262 0.66
261 263 0.561
261 264 0.548
261 265 0.537
262 263 0.629
262 264 0.561
262 265 0.564
262 266 0.55
263 264 0.649
263 265 0.554
263 266 0.568
264 265 0.654
264 266 0.592
264 267 0.571
264 268 0.538
265 266 0.669
265 267 0.564
265 268 0.563
265 269 0.553
266 267 0.638
266 268 0.559
266 269 0.579
267 268 0.639
267 269 0.586
267 270 0.568
268 269 0.637
268 270 0.55
269 270 0.619
269 272 0.544
270 271 0.581
270 275 0.545
271 272 0.569
272 273 0.552
273 274 0.641
273 275 0.578
274 275 0.628
275 276 0.62
275 277 0.573
276 277 0.619
277 278 0.613
277 279 0.553
278 279 0.67
278 280 0.599
278 281 0.545
278 316 0.546
278 320 0.58
279 280 0.732
279 281 0.616
279 282 0.582
279 283 0.543
279 312 0.543
279 316 0.572
279 320 0.558
280 281 0.674
280 282 0.633
280 283 0.588
280 301 0.543
280 312 0.568
280 315 0.547
280 316 0.585
280 317 0.536
280 320 0.544
281 282 0.731
281 283 0.617
281 300 0.549
281 301 0.569
281 312 0.556
281 313 0.544
281 315 0.589
281 316 0.599
282 283 0.718
282 284 0.608
282 297 0.541
282 298 0.563
282 300 0.547
282 301 0.57
282 302 0.545
282 311 0.56
282 312 0.609
282 313 0.619
282 314 0.582
282 315 0.611
282 316 0.61
282 317 0.543
283 284 0.708
283 285 0.586
283 297 0.576
283 298 0.568
283 301 0.55
283 302 0.538
283 303 0.539
283 309 0.578
283 310 0.575
283 311 0.605
283 312 0.609
283 313 0.584
283 314 0.542
283 315 0.554
283 316 0.566
284 285 0.665
284 286 0.566
284 296 0.558
284 297 0.585
284 298 0.542
284 308 0.535
284 309 0.589
284 310 0.6
284 311 0.613
284 312 0.587
284 313 0.553
284 344 0.556
285 286 0.684
285 287 0.554
285 295 0.537
285 296 0.563
285 297 0.551
285 307 0.584
285 308 0.6
285 309 0.583
285 310 0.594
285 311 0.56
286 287 0.677
286 307 0.578
286 308 0.574
286 310 0.557
287 288 0.541
288 289 0.6
289 290 0.64
290 291 0.616
292 293 0.593
295 296 0.666
295 297 0.541
296 297 0.608
297 298 0.629
298 299 0.614
298 300 0.544
298 302 0.538
300 301 0.664
300 302 0.565
301 302 0.689
301 303 0.575
302 303 0.686
302 304 0.553
303 304 0.653
303 305 0.541
304 305 0.636
304 307 0.544
305 306 0.603
305 307 0.55
306 307 0.61
307 308 0.696
307 309 0.577
308 309 0.698
308 310 0.601
309 310 0.638
309 311 0.598
309 312 0.546
310 311 0.71
310 312 0.597
310 336 0.539
310 337 0.547
310 338 0.543
310 344 0.583
311 312 0.716
311 313 0.584
311 316 0.539
311 335 0.546
311 336 0.579
311 337 0.571
311 338 0.54
311 344 0.596
311 345 0.565
311 346 0.555
311 347 0.544
311 348 0.555
311 349 0.537
312 313 0.678
312 314 0.575
312 315 0.555
312 316 0.592
312 317 0.553
312 336 0.564
312 344 0.549
312 346 0.547
312 347 0.544
312 348 0.547
313 314 0.674
313 315 0.592
313 316 0.595
313 317 0.56
314 315 0.676
314 316 0.594
314 317 0.587
315 316 0.713
315 317 0.627
315 318 0.593
315 319 0.581
315 320 0.574
316 317 0.699
316 318 0.619
316 319 0.62
316 320 0.637
316 321 0.575
317 318 0.672
317 319 0.636
317 320 0.64
317 321 0.6
317 322 0.542
318 319 0.669
318 320 0.619
318 321 0.596
318 322 0.555
319 320 0.7
319 321 0.627
319 322 0.602
319 323 0.577
319 324 0.545
320 321 0.734
320 322 0.643
320 323 0.625
320 324 0.606
320 325 0.566
320 326 0.548
320 327 0.551
320 332 0.538
320 351 0.54
321 322 0.696
321 323 0.609
321 324 0.593
321 325 0.577
321 326 0.54
321 327 0.536
322 323 0.656
322 324 0.586
322 325 0.568
322 326 0.551
323 324 0.654
323 325 0.575
323 326 0.583
323 327 0.567
324 325 0.66
324 326 0.62
324 327 0.606
324 328 0.557
324 329 0.542
325 326 0.674
325 327 0.608
325 328 0.552
326 327 0.676
326 328 0.597
326 329 0.552
327 328 0.716
327 329 0.649
327 330 0.581
327 331 0.548
327 364 0.556
327 365 0.557
327 366 0.539
328 329 0.735
328 330 0.61
328 331 0.568
328 364 0.574
328 365 0.582
328 366 0.554
329 330 0.668
329 331 0.614
329 332 0.576
329 355 0.542
329 364 0.573
329 365 0.597
329 366 0.579
329 367 0.563
329 368 0.536
330 331 0.661
330 332 0.604
330 333 0.55
330 355 0.55
330 364 0.553
330 365 0.577
330 366 0.579
330 367 0.583
330 368 0.558
331 332 0.699
331 333 0.606
331 355 0.551
331 364 0.535
331 365 0.561
331 366 0.578
331 367 0.611
331 368 0.598
331 369 0.564
331 386 0.543
331 387 0.539
331 388 0.553
331 390 0.544
331 396 0.536
332 333 0.696
332 334 0.607
332 335 0.578
332 336 0.573
332 348 0.573
332 349 0.561
332 351 0.569
332 352 0.556
332 355 0.569
332 365 0.55
332 366 0.584
332 367 0.626
332 368 0.643
332 369 0.609
332 370 0.562
332 372 0.542
332 373 0.581
332 374 0.55
332 386 0.559
332 387 0.546
332 388 0.572
332 389 0.56
332 390 0.577
332 396 0.569
332 397 0.559
332 398 0.543
332 399 0.549
332 400 0.554
333 334 0.721
333 335 0.644
333 336 0.597
333 348 0.569
333 349 0.542
333 351 0.536
333 366 0.542
333 367 0.587
333 368 0.613
333 369 0.605
333 370 0.57
333 372 0.545
333 373 0.58
333 374 0.548
333 388 0.546
333 389 0.544
333 390 0.566
333 396 0.572
333 397 0.567
333 398 0.544
333 399 0.55
333 400 0.557
334 335 0.695
334 336 0.616
334 348 0.557
334 368 0.553
334 369 0.545
334 373 0.562
335 336 0.687
335 337 0.582
335 339 0.541
335 347 0.537
335 348 0.592
335 349 0.563
335 368 0.541
335 372 0.547
335 373 0.568
336 337 0.668
336 338 0.558
336 339 0.556
336 344 0.538
336 345 0.543
336 347 0.556
336 348 0.604
336 349 0.569
336 351 0.54
336 373 0.544
337 338 0.677
337 339 0.599
337 344 0.554
337 345 0.539
337 348 0.543
338 339 0.668
338 340 0.583
338 341 0.54
338 344 0.569
338 345 0.552
339 340 0.655
339 341 0.566
339 344 0.582
339 345 0.601
339 348 0.544
340 341 0.601
341 342 0.647
341 343 0.556
341 344 0.573
341 345 0.543
342 343 0.592
342 344 0.549
342 345 0.544
343 344 0.625
343 345 0.557
344 345 0.71
344 346 0.615
344 347 0.538
344 348 0.557
344 349 0.544
345 346 0.696
345 347 0.584
345 348 0.601
345 349 0.59
346 347 0.66
346 348 0.615
346 349 0.619
346 350 0.575
347 348 0.677
347 349 0.614
347 350 0.596
347 351 0.569
348 349 0.711
348 350 0.622
348 351 0.619
348 352 0.588
348 353 0.539
348 355 0.542
348 368 0.546
348 372 0.546
348 373 0.564
348 376 0.542
348 377 0.539
349 350 0.707
349 351 0.644
349 352 0.614
349 353 0.58
349 354 0.556
349 355 0.561
349 368 0.541
349 373 0.555
349 376 0.554
349 377 0.555
350 351 0.681
350 352 0.587
350 353 0.572
350 354 0.571
350 355 0.559
351 352 0.645
351 353 0.589
351 354 0.578
351 355 0.592
351 356 0.54
351 368 0.539
352 353 0.642
352 354 0.582
352 355 0.599
352 356 0.579
352 368 0.541
352 386 0.537
353 354 0.647
353 355 0.612
353 356 0.588
353 357 0.549
354 355 0.699
354 356 0.595
354 357 0.579
354 358 0.564
355 356 0.694
355 357 0.619
355 358 0.602
355 359 0.589
355 364 0.567
355 365 0.559
355 366 0.592
355 367 0.585
355 368 0.565
355 382 0.545
355 385 0.544
355 386 0.589
355 387 0.553
355 388 0.548
356 357 0.673
356 358 0.582
356 359 0.584
356 360 0.546
356 366 0.553
356 367 0.543
356 382 0.553
356 385 0.565
356 386 0.58
356 387 0.538
357 358 0.643
357 359 0.607
357 360 0.56
357 385 0.541
357 386 0.538
358 359 0.666
358 364 0.586
358 365 0.536
359 360 0.615
359 363 0.569
359 364 0.617
359 365 0.558
359 366 0.563
359 367 0.542
359 385 0.538
359 386 0.56
359 387 0.548
360 361 0.563
362 363 0.551
363 364 0.661
363 365 0.549
364 365 0.688
364 366 0.611
364 367 0.57
364 386 0.554
364 387 0.561
365 366 0.691
365 367 0.608
365 368 0.561
365 386 0.573
365 387 0.579
365 388 0.556
366 367 0.678
366 368 0.607
366 369 0.55
366 386 0.61
366 387 0.61
366 388 0.591
366 389 0.543
366 390 0.542
367 368 0.709
367 369 0.627
367 370 0.571
367 373 0.554
367 374 0.543
367 386 0.597
367 387 0.594
367 388 0.618
367 389 0.585
367 390 0.59
367 391 0.538
367 396 0.559
367 397 0.539
367 399 0.537
367 400 0.538
368 369 0.698
368 370 0.628
368 371 0.541
368 372 0.559
368 373 0.603
368 374 0.589
368 375 0.54
368 376 0.543
368 377 0.557
368 386 0.587
368 387 0.574
368 388 0.61
368 389 0.603
368 390 0.614
368 391 0.559
368 396 0.576
368 397 0.556
368 398 0.542
368 399 0.547
368 400 0.546
369 370 0.687
369 371 0.549
369 372 0.551
369 373 0.574
369 374 0.564
369 386 0.537
369 388 0.569
369 389 0.577
369 390 0.602
369 391 0.55
369 393 0.542
369 396 0.584
369 397 0.561
369 398 0.545
369 399 0.548
369 400 0.544
370 371 0.653
370 372 0.58
370 373 0.58
370 374 0.572
370 375 0.545
370 388 0.535
370 389 0.551
370 390 0.577
370 396 0.551
371 372 0.639
371 373 0.571
371 374 0.558
372 373 0.69
372 374 0.619
372 375 0.599
372 376 0.575
372 377 0.556
373 374 0.668
373 375 0.606
373 376 0.591
373 377 0.58
373 378 0.539
373 390 0.544
374 375 0.662
374 376 0.608
374 377 0.595
374 378 0.571
374 389 0.54
374 390 0.552
375 376 0.637
375 377 0.597
375 378 0.583
375 379 0.549
376 377 0.648
376 378 0.582
376 379 0.56
376 380 0.538
377 378 0.631
377 379 0.554
377 380 0.55
377 381 0.538
377 382 0.576
377 386 0.541
378 379 0.623
378 381 0.547
378 382 0.556
379 380 0.618
379 381 0.563
380 381 0.653
380 382 0.58
381 382 0.654
381 383 0.558
382 383 0.658
382 384 0.563
382 385 0.609
382 386 0.615
382 387 0.541
383 384 0.631
383 385 0.552
383 386 0.585
384 385 0.625
384 386 0.563
385 386 0.691
385 387 0.591
385 388 0.551
386 387 0.724
386 388 0.647
386 389 0.579
386 390 0.563
387 388 0.698
387 389 0.576
387 390 0.557
388 389 0.649
388 390 0.616
388 391 0.557
388 396 0.546
389 390 0.692
389 391 0.585
389 396 0.541
390 391 0.694
390 392 0.602
390 393 0.536
390 395 0.539
390 396 0.595
390 397 0.558
390 398 0.546
390 399 0.553
390 400 0.544
391 392 0.645
391 393 0.543
391 395 0.536
391 396 0.571
392 393 0.566
392 395 0.545
392 396 0.568
392 397 0.537
393 394 0.571
393 395 0.565
393 396 0.561
393 397 0.555
394 395 0.604
394 396 0.542
394 397 0.548
395 396 0.648
395 397 0.594
395 398 0.587
395 399 0.578
395 400 0.552
396 397 0.7
396 398 0.657
396 399 0.651
396 400 0.63
396 401 0.559
396 405 0.538
397 398 0.725
397 399 0.654
397 400 0.644
397 401 0.602
398 399 0.73
398 400 0.655
398 401 0.641
398 402 0.556
398 403 0.552
398 405 0.543
399 400 0.727
399 401 0.639
399 402 0.586
399 403 0.563
399 404 0.541
399 405 0.555
400 401 0.671
400 402 0.581
400 403 0.541
401 402 0.652
401 403 0.59
402 403 0.64
402 404 0.562
403 404 0.66
403 405 0.537
404 405 0.62
405 406 0.645
405 407 0.565
405 408 0.555
406 407 0.625
406 408 0.548
407 408 0.596
408 409 0.594
408 410 0.567
408 411 0.556
409 410 0.628
409 411 0.567
410 411 0.644
411 412 0.646
412 413 0.539
413 414 0.555
