# Ridge regression of type C
# slope=12.97 corr.=0.901 (Bfact)
# Internal_fluct= 0.258 Translation_fluct= 0.377 Rotation_fluct= 0.366
# aa_pos_chain pred_msd_int pred_msd_all B/(8pi^2/3)
E5A	0.3944	  0.915	  1.111
K6A	0.1485	  0.591	  0.660
K7A	0.1108	  0.536	  0.473
S8A	0.1024	  0.459	  0.474
I9A	0.08408	  0.402	  0.366
N10A	0.1281	  0.496	  0.384
E11A	0.1525	  0.574	  0.555
C12A	0.1344	  0.513	  0.461
D13A	0.1963	  0.580	  0.577
L14A	0.1285	  0.454	  0.463
K15A	0.1933	  0.526	  0.407
G16A	0.1878	  0.518	  0.417
K17A	0.1205	  0.449	  0.437
K18A	0.08083	  0.403	  0.492
V19A	0.06152	  0.359	  0.351
L20A	0.04748	  0.356	  0.308
I21A	0.04509	  0.313	  0.318
R22A	0.04105	  0.313	  0.321
V23A	0.06275	  0.301	  0.351
D24A	0.08073	  0.311	  0.398
F25A	0.08162	  0.335	  0.461
N26A	0.1132	  0.384	  0.588
V27A	0.1489	  0.429	  0.551
P28A	0.2357	  0.559	  0.699
V29A	0.2713	  0.677	  0.793
K30A	0.4667	  0.965	  0.847
N31A	0.7279	  1.343	  0.753
G32A	0.5358	  1.094	  0.832
K33A	0.3532	  0.841	  0.757
I34A	0.2285	  0.615	  0.611
T35A	0.3039	  0.679	  0.673
N36A	0.242	  0.547	  0.640
D37A	0.1524	  0.435	  0.494
Y38A	0.1458	  0.392	  0.414
R39A	0.1163	  0.338	  0.394
I40A	0.1017	  0.342	  0.309
R41A	0.1223	  0.371	  0.347
S42A	0.1433	  0.369	  0.316
A43A	0.1087	  0.328	  0.391
L44A	0.09381	  0.335	  0.291
P45A	0.1098	  0.368	  0.326
T46A	0.08273	  0.326	  0.286
L47A	0.07951	  0.320	  0.337
K48A	0.1181	  0.383	  0.415
K49A	0.1055	  0.386	  0.288
V50A	0.08766	  0.356	  0.295
L51A	0.1216	  0.394	  0.335
T52A	0.1787	  0.485	  0.404
E53A	0.1575	  0.475	  0.424
G54A	0.1443	  0.446	  0.372
G55A	0.1163	  0.404	  0.372
S56A	0.09892	  0.381	  0.340
C57A	0.07155	  0.345	  0.350
V58A	0.056	  0.363	  0.341
L59A	0.04825	  0.334	  0.301
M60A	0.04694	  0.360	  0.394
S61A	0.06081	  0.364	  0.396
H62A	0.09225	  0.432	  0.570
L63A	0.1206	  0.471	  0.718
G64A	0.213	  0.592	  0.813
R65A	0.2411	  0.686	  1.116
P66A	0.2293	  0.777	  1.097
K67A	0.2879	  0.953	  1.217
G68A	0.2141	  0.892	  1.227
I69A	0.1928	  1.007	  1.260
P70A	0.1961	  1.070	  1.141
M71A	0.1725	  1.015	  1.141
A72A	0.2879	  1.315	  1.300
Q73A	0.2787	  1.341	  1.346
A74A	0.2278	  1.158	  1.293
G75A	0.3213	  1.374	  1.218
K76A	0.3788	  1.581	  1.289
I77A	0.3043	  1.368	  1.308
R78A	0.3092	  1.289	  1.356
S79A	0.5113	  1.679	  1.550
T80A	0.5993	  1.815	  1.608
G81A	0.5305	  1.568	  1.427
G82A	0.3796	  1.333	  1.182
V83A	0.226	  1.016	  0.949
P84A	0.1996	  0.999	  0.821
G85A	0.2394	  0.981	  0.845
F86A	0.2044	  0.914	  0.892
Q87A	0.2112	  0.891	  1.036
Q88A	0.248	  0.909	  0.991
K89A	0.279	  0.847	  1.042
A90A	0.1822	  0.670	  0.807
T91A	0.1349	  0.628	  0.657
L92A	0.1023	  0.504	  0.540
K93A	0.138	  0.593	  0.547
P94A	0.1555	  0.587	  0.531
V95A	0.1218	  0.465	  0.491
A96A	0.1266	  0.480	  0.481
K97A	0.1634	  0.561	  0.610
R98A	0.1475	  0.499	  0.436
L99A	0.1146	  0.413	  0.423
S100A	0.1435	  0.480	  0.462
E101A	0.2077	  0.578	  0.551
L102A	0.186	  0.506	  0.531
L103A	0.1745	  0.475	  0.614
L104A	0.2291	  0.585	  0.648
R105A	0.1813	  0.519	  0.629
P106A	0.2068	  0.565	  0.490
V107A	0.1198	  0.461	  0.438
T108A	0.1111	  0.505	  0.488
F109A	0.08936	  0.516	  0.505
A110A	0.0987	  0.573	  0.530
P111A	0.1438	  0.703	  0.548
D112A	0.1008	  0.683	  0.645
C113A	0.08692	  0.585	  0.533
L114A	0.0995	  0.691	  0.621
N115A	0.1354	  0.774	  0.717
A116A	0.1333	  0.669	  0.633
A117A	0.1837	  0.738	  0.733
D118A	0.222	  0.786	  0.861
V119A	0.1791	  0.660	  0.801
V120A	0.1426	  0.566	  0.691
S121A	0.2192	  0.678	  0.782
K122A	0.2421	  0.676	  0.918
M123A	0.1692	  0.532	  0.674
S124A	0.2181	  0.549	  0.492
P125A	0.2075	  0.508	  0.483
G126A	0.1843	  0.472	  0.415
D127A	0.1217	  0.423	  0.388
V128A	0.09494	  0.387	  0.347
V129A	0.08159	  0.411	  0.372
L130A	0.06034	  0.394	  0.300
L131A	0.06267	  0.455	  0.363
E132A	0.06926	  0.515	  0.435
N133A	0.07319	  0.500	  0.440
V134A	0.06956	  0.510	  0.399
R135A	0.09059	  0.572	  0.631
F136A	0.1039	  0.688	  0.633
Y137A	0.1033	  0.737	  0.727
K138A	0.1385	  0.811	  0.761
E139A	0.1354	  0.793	  0.740
E140A	0.118	  0.641	  0.681
G141A	0.1822	  0.692	  0.730
S142A	0.206	  0.839	  0.894
K143A	0.3193	  0.988	  1.008
K144A	0.325	  1.097	  1.084
A145A	0.2754	  1.000	  1.036
K146A	0.2551	  1.078	  1.115
D147A	0.1842	  0.945	  0.959
R148A	0.12	  0.741	  0.768
E149A	0.1246	  0.790	  0.862
A150A	0.1394	  0.870	  0.810
M151A	0.09967	  0.718	  0.726
A152A	0.08902	  0.625	  0.584
K153A	0.1124	  0.721	  0.637
I154A	0.1029	  0.691	  0.558
L155A	0.07414	  0.547	  0.519
A156A	0.09555	  0.562	  0.518
S157A	0.1091	  0.618	  0.498
Y158A	0.07641	  0.507	  0.491
G159A	0.08184	  0.463	  0.545
D160A	0.09042	  0.479	  0.629
V161A	0.07766	  0.434	  0.436
Y162A	0.04983	  0.384	  0.370
I163A	0.04821	  0.337	  0.327
S164A	0.04888	  0.325	  0.301
D165A	0.04608	  0.283	  0.344
A166A	0.05904	  0.293	  0.398
F167A	0.05486	  0.294	  0.454
G168A	0.08428	  0.318	  0.440
T169A	0.08133	  0.362	  0.543
A170A	0.07089	  0.374	  0.412
H171A	0.08938	  0.426	  0.454
R172A	0.09269	  0.487	  0.625
D173A	0.09168	  0.549	  0.632
S174A	0.07841	  0.529	  0.500
A175A	0.07602	  0.555	  0.477
T176A	0.06207	  0.445	  0.450
M177A	0.05571	  0.413	  0.436
T178A	0.07822	  0.513	  0.464
G179A	0.07958	  0.581	  0.548
I180A	0.07055	  0.520	  0.454
P181A	0.0835	  0.522	  0.462
K182A	0.1133	  0.653	  0.668
I183A	0.1156	  0.689	  0.671
L184A	0.1095	  0.607	  0.642
G185A	0.1368	  0.672	  0.570
N186A	0.09491	  0.548	  0.447
G187A	0.09423	  0.478	  0.378
A188A	0.07061	  0.417	  0.415
A189A	0.06165	  0.365	  0.351
G190A	0.0528	  0.314	  0.275
Y191A	0.06157	  0.327	  0.274
L192A	0.07072	  0.308	  0.251
M193A	0.05702	  0.314	  0.323
E194A	0.06815	  0.373	  0.389
K195A	0.07007	  0.369	  0.377
E196A	0.07259	  0.346	  0.389
I197A	0.09446	  0.425	  0.436
S198A	0.09903	  0.479	  0.418
Y199A	0.0707	  0.425	  0.321
F200A	0.07128	  0.417	  0.412
A201A	0.08982	  0.523	  0.491
K202A	0.08411	  0.550	  0.591
V203A	0.08302	  0.507	  0.638
L204A	0.1091	  0.577	  0.644
G205A	0.1455	  0.718	  0.805
N206A	0.2057	  0.845	  0.975
P207A	0.1393	  0.702	  0.690
P208A	0.1645	  0.794	  0.712
R209A	0.1125	  0.749	  0.754
P210A	0.09753	  0.690	  0.602
L211A	0.07722	  0.555	  0.418
V212A	0.07633	  0.466	  0.346
A213A	0.06344	  0.382	  0.352
I214A	0.05667	  0.321	  0.329
V215A	0.05352	  0.289	  0.277
G216A	0.07652	  0.288	  0.281
G217A	0.097	  0.311	  0.362
A218A	0.1381	  0.381	  0.422
K219A	0.1233	  0.393	  0.418
V220A	0.09898	  0.380	  0.452
S221A	0.1272	  0.463	  0.492
D222A	0.1477	  0.452	  0.502
K223A	0.09292	  0.382	  0.407
I224A	0.1055	  0.458	  0.421
Q225A	0.1005	  0.487	  0.321
L226A	0.07648	  0.412	  0.359
L227A	0.07474	  0.436	  0.434
D228A	0.1104	  0.555	  0.548
N229A	0.08657	  0.538	  0.520
M230A	0.06973	  0.484	  0.573
L231A	0.08674	  0.536	  0.595
Q232A	0.1013	  0.657	  0.826
R233A	0.08111	  0.610	  0.608
I234A	0.0693	  0.547	  0.483
D235A	0.07383	  0.590	  0.514
Y236A	0.06466	  0.487	  0.426
L237A	0.06201	  0.402	  0.376
L238A	0.04954	  0.338	  0.314
I239A	0.04883	  0.295	  0.301
G240A	0.06741	  0.287	  0.306
G241A	0.08721	  0.299	  0.350
A242A	0.1047	  0.336	  0.358
M243A	0.07688	  0.313	  0.388
A244A	0.0691	  0.302	  0.336
Y245A	0.08696	  0.331	  0.312
T246A	0.1005	  0.375	  0.337
F247A	0.08644	  0.361	  0.288
L248A	0.1073	  0.369	  0.307
K249A	0.1441	  0.425	  0.401
A250A	0.1717	  0.487	  0.424
Q251A	0.1763	  0.489	  0.352
G252A	0.2045	  0.506	  0.422
Y253A	0.1679	  0.442	  0.419
S254A	0.1954	  0.474	  0.513
I255A	0.1732	  0.444	  0.404
G256A	0.2277	  0.539	  0.479
K257A	0.2432	  0.583	  0.551
S258A	0.1704	  0.458	  0.438
K259A	0.1763	  0.469	  0.376
C260A	0.1781	  0.474	  0.495
E261A	0.1675	  0.510	  0.433
E262A	0.2387	  0.625	  0.626
S263A	0.2671	  0.706	  0.516
K264A	0.1898	  0.569	  0.478
L265A	0.1897	  0.552	  0.438
E266A	0.2183	  0.645	  0.524
F267A	0.1658	  0.574	  0.453
A268A	0.1344	  0.478	  0.442
R269A	0.1545	  0.541	  0.456
S270A	0.1681	  0.621	  0.492
L271A	0.1228	  0.529	  0.490
L272A	0.1239	  0.517	  0.459
K273A	0.1612	  0.642	  0.669
K274A	0.1391	  0.656	  0.671
A275A	0.1253	  0.598	  0.597
E276A	0.1764	  0.706	  0.944
D277A	0.2032	  0.833	  1.010
R278A	0.1638	  0.789	  0.997
K279A	0.1715	  0.786	  0.945
V280A	0.1095	  0.616	  0.647
Q281A	0.1137	  0.571	  0.663
V282A	0.08351	  0.449	  0.447
I283A	0.06447	  0.389	  0.433
L284A	0.06304	  0.335	  0.327
P285A	0.07459	  0.332	  0.266
I286A	0.09161	  0.383	  0.372
D287A	0.09228	  0.375	  0.416
H288A	0.09762	  0.364	  0.388
V289A	0.1241	  0.415	  0.425
C290A	0.1642	  0.470	  0.463
H291A	0.2217	  0.586	  0.590
T292A	0.3063	  0.722	  0.643
E293A	0.3551	  0.783	  0.653
F294A	0.3209	  0.709	  0.611
K295A	0.3201	  0.746	  0.704
A296A	0.3089	  0.724	  0.654
V297A	0.3358	  0.796	  0.865
D298A	0.386	  0.875	  0.947
S299A	0.396	  0.864	  0.879
P300A	0.2473	  0.638	  0.695
L301A	0.2257	  0.598	  0.606
I302A	0.175	  0.515	  0.594
T303A	0.1707	  0.486	  0.529
E304A	0.2285	  0.570	  0.657
D305A	0.1707	  0.475	  0.500
Q306A	0.1347	  0.403	  0.419
N307A	0.1568	  0.427	  0.480
I308A	0.1676	  0.445	  0.488
P309A	0.2434	  0.563	  0.589
E310A	0.2908	  0.641	  0.887
G311A	0.329	  0.725	  0.810
H312A	0.2234	  0.569	  0.579
M313A	0.1838	  0.489	  0.467
A314A	0.1355	  0.399	  0.355
L315A	0.1226	  0.383	  0.356
D316A	0.09069	  0.334	  0.282
I317A	0.07874	  0.325	  0.292
G318A	0.1079	  0.398	  0.447
P319A	0.1228	  0.472	  0.498
K320A	0.09942	  0.462	  0.472
T321A	0.07003	  0.377	  0.372
I322A	0.0835	  0.403	  0.365
E323A	0.109	  0.509	  0.542
K324A	0.0919	  0.481	  0.437
Y325A	0.05899	  0.400	  0.378
V326A	0.08661	  0.477	  0.413
Q327A	0.1116	  0.589	  0.570
T328A	0.09221	  0.539	  0.437
I329A	0.08089	  0.502	  0.480
G330A	0.1087	  0.636	  0.613
K331A	0.1054	  0.693	  0.708
C332A	0.08063	  0.618	  0.552
K333A	0.09101	  0.661	  0.607
S334A	0.07922	  0.540	  0.503
A335A	0.07299	  0.437	  0.400
I336A	0.06105	  0.361	  0.402
W337A	0.04495	  0.290	  0.283
N338A	0.05516	  0.274	  0.345
G339A	0.07777	  0.281	  0.334
P340A	0.07731	  0.279	  0.303
M341A	0.06755	  0.280	  0.290
G342A	0.1103	  0.333	  0.305
V343A	0.1522	  0.400	  0.297
F344A	0.1332	  0.376	  0.363
E345A	0.2207	  0.503	  0.511
M346A	0.213	  0.536	  0.383
V347A	0.2245	  0.567	  0.378
P348A	0.1996	  0.548	  0.421
Y349A	0.1236	  0.407	  0.375
S350A	0.1162	  0.384	  0.347
K351A	0.1065	  0.400	  0.393
G352A	0.08874	  0.347	  0.376
T353A	0.06907	  0.303	  0.250
F354A	0.07473	  0.349	  0.342
A355A	0.08903	  0.397	  0.298
I356A	0.0704	  0.352	  0.302
A357A	0.08523	  0.365	  0.378
K358A	0.1009	  0.453	  0.324
A359A	0.09412	  0.479	  0.336
M360A	0.07004	  0.427	  0.325
G361A	0.09695	  0.477	  0.399
R362A	0.117	  0.594	  0.545
G363A	0.1167	  0.613	  0.418
T364A	0.1112	  0.595	  0.520
H365A	0.1612	  0.701	  0.933
E366A	0.2074	  0.858	  1.082
H367A	0.2162	  0.883	  1.078
G368A	0.1646	  0.764	  0.693
L369A	0.09528	  0.606	  0.442
M370A	0.08715	  0.530	  0.425
S371A	0.07186	  0.422	  0.338
I372A	0.0606	  0.348	  0.350
I373A	0.05817	  0.292	  0.266
G374A	0.07258	  0.290	  0.440
G375A	0.09334	  0.290	  0.505
G376A	0.1239	  0.322	  0.414
D377A	0.1009	  0.304	  0.388
S378A	0.07946	  0.281	  0.320
A379A	0.09183	  0.295	  0.320
S380A	0.1107	  0.325	  0.338
A381A	0.1023	  0.337	  0.355
A382A	0.09336	  0.343	  0.314
E383A	0.1074	  0.355	  0.353
L384A	0.1432	  0.425	  0.371
S385A	0.1484	  0.470	  0.390
G386A	0.1495	  0.486	  0.472
E387A	0.1023	  0.425	  0.562
A388A	0.1265	  0.403	  0.690
K389A	0.168	  0.499	  0.834
R390A	0.1179	  0.503	  0.532
M391A	0.08011	  0.414	  0.438
S392A	0.08849	  0.446	  0.325
H393A	0.07474	  0.359	  0.318
V394A	0.08407	  0.316	  0.307
S395A	0.06921	  0.283	  0.324
T396A	0.08957	  0.289	  0.557
G397A	0.1033	  0.317	  0.474
G398A	0.1088	  0.323	  0.399
G399A	0.1258	  0.380	  0.391
A400A	0.09954	  0.365	  0.299
S401A	0.06936	  0.323	  0.347
L402A	0.07651	  0.346	  0.408
E403A	0.07956	  0.404	  0.431
L404A	0.07348	  0.414	  0.406
L405A	0.07271	  0.410	  0.539
E406A	0.1092	  0.487	  0.530
G407A	0.1376	  0.584	  0.523
K408A	0.1318	  0.573	  0.520
T409A	0.1171	  0.562	  0.573
L410A	0.08583	  0.472	  0.492
P411A	0.1097	  0.540	  0.494
G412A	0.1143	  0.474	  0.425
V413A	0.1169	  0.488	  0.514
T414A	0.1287	  0.591	  0.458
V415A	0.1069	  0.568	  0.415
L416A	0.08891	  0.505	  0.478
D417A	0.1202	  0.596	  0.521
D418A	0.2048	  0.732	  0.781
K419A	0.2852	  0.823	  1.146
