# mean= 0.0015 s.d.= 0.00788 thr=0.00075 0.017 SIGMA= 2
#Residue names written in 16PKA_MIN8.0_ALL_PHIPSIPSI.names.dat
#resi resj coupling
0 1 0.149
0 2 0.0399
0 413 0.0555
0 414 0.0582
1 2 0.149
1 3 0.042
1 183 0.0287
1 184 0.0288
1 189 0.0195
1 408 0.019
1 411 0.0364
1 412 0.0518
1 413 0.125
1 414 0.0727
2 3 0.149
2 4 0.0298
2 6 0.0406
2 7 0.0182
2 182 0.0204
2 183 0.0777
2 184 0.0433
2 411 0.028
2 412 0.0645
2 413 0.0879
2 414 0.13
3 4 0.149
3 5 0.0693
3 6 0.0628
3 7 0.0296
3 183 0.087
3 184 0.11
3 185 0.0498
3 186 0.0246
3 189 0.0393
3 414 0.024
4 5 0.147
4 6 0.0694
4 7 0.0728
4 41 0.0208
4 44 0.0183
4 158 0.0325
4 183 0.0535
4 184 0.0546
4 185 0.0705
4 186 0.028
5 6 0.148
5 7 0.059
6 7 0.149
6 8 0.0309
6 414 0.0211
7 8 0.148
7 9 0.0509
7 183 0.0219
8 9 0.148
8 10 0.047
8 12 0.021
9 10 0.149
9 11 0.0455
9 12 0.0792
9 13 0.0197
9 14 0.0246
9 45 0.0427
9 48 0.0544
9 49 0.0406
9 50 0.0723
9 156 0.0199
10 11 0.151
10 12 0.0674
10 45 0.0185
10 48 0.0701
10 49 0.116
10 50 0.0875
10 120 0.0201
11 12 0.149
11 13 0.0335
11 49 0.0553
11 50 0.0858
11 51 0.0239
11 120 0.0517
12 13 0.15
12 14 0.0551
12 49 0.0231
12 50 0.0938
12 51 0.0403
12 120 0.0251
12 154 0.0229
12 155 0.0503
12 156 0.0314
13 14 0.149
13 15 0.0361
13 50 0.0542
13 51 0.0844
13 52 0.0497
13 53 0.0299
13 118 0.0177
13 120 0.0234
13 153 0.0223
13 154 0.0907
13 155 0.0688
13 156 0.0349
14 15 0.15
14 16 0.0466
14 45 0.0225
14 50 0.0362
14 51 0.0529
14 52 0.086
14 53 0.051
14 154 0.0608
14 155 0.0503
14 156 0.0816
14 157 0.0505
14 158 0.0283
15 16 0.148
15 17 0.0359
15 52 0.0468
15 53 0.0878
15 54 0.05
15 55 0.026
15 151 0.0212
15 153 0.0251
15 154 0.06
15 155 0.0265
15 156 0.0485
15 157 0.0883
15 158 0.0465
16 17 0.151
16 18 0.0537
16 52 0.0323
16 53 0.0437
16 54 0.0822
16 55 0.047
16 157 0.0503
16 158 0.0961
16 159 0.055
16 160 0.0311
17 18 0.15
17 19 0.0304
17 54 0.0474
17 55 0.0896
17 56 0.0518
17 157 0.0189
17 158 0.0407
17 159 0.0835
17 160 0.0575
17 161 0.0458
17 171 0.0387
17 172 0.0307
18 19 0.15
18 20 0.0488
18 38 0.0299
18 54 0.0379
18 55 0.051
18 56 0.0684
18 159 0.0316
18 160 0.0751
18 161 0.0791
19 20 0.149
19 21 0.0623
19 34 0.0367
19 35 0.0228
19 38 0.0229
19 56 0.0546
19 57 0.0272
19 160 0.0305
19 161 0.0871
19 162 0.0181
19 163 0.0213
20 21 0.149
20 22 0.0645
20 34 0.0513
20 35 0.0539
20 56 0.052
20 57 0.0358
20 58 0.037
20 90 0.0257
21 22 0.15
21 23 0.0346
21 34 0.0252
21 56 0.0261
21 57 0.0523
21 58 0.115
21 59 0.0419
22 23 0.149
22 24 0.0428
22 29 0.0353
22 30 0.0215
22 31 0.0411
22 32 0.0416
22 33 0.0202
22 34 0.0379
22 35 0.0208
22 58 0.0344
22 59 0.018
23 24 0.148
23 25 0.0313
23 29 0.0514
23 30 0.0545
23 31 0.0456
23 32 0.0176
23 59 0.0183
24 25 0.147
24 26 0.0349
24 27 0.0519
24 28 0.0714
24 29 0.118
24 30 0.0634
24 31 0.0212
24 84 0.0219
25 26 0.151
25 27 0.0718
25 28 0.0697
25 29 0.0395
25 30 0.0359
25 84 0.0176
26 27 0.151
26 28 0.0577
26 84 0.021
27 28 0.15
27 29 0.0346
27 83 0.018
27 84 0.0315
27 89 0.0256
28 29 0.15
28 30 0.0462
28 89 0.0293
29 30 0.148
29 31 0.0595
29 32 0.0396
29 89 0.0264
29 90 0.0235
30 31 0.149
30 32 0.0348
31 32 0.149
31 33 0.0605
31 34 0.02
32 33 0.147
32 34 0.0621
32 35 0.0708
32 36 0.0415
32 93 0.0193
33 34 0.148
33 35 0.0648
33 36 0.0765
33 37 0.0445
34 35 0.15
34 36 0.0673
34 37 0.08
34 38 0.0401
35 36 0.15
35 37 0.0656
35 38 0.0712
35 39 0.0321
35 90 0.0198
35 93 0.018
35 94 0.0357
36 37 0.149
36 38 0.0671
36 39 0.0634
36 94 0.0176
36 97 0.0251
37 38 0.148
37 39 0.0602
37 40 0.028
37 187 0.0198
38 39 0.148
38 40 0.0526
38 41 0.0525
38 42 0.036
38 160 0.02
38 187 0.0224
39 40 0.147
39 41 0.0627
39 42 0.0751
39 43 0.0521
39 97 0.0174
39 98 0.0249
40 41 0.147
40 42 0.0642
40 43 0.0824
40 44 0.0461
40 186 0.0266
41 42 0.149
41 43 0.064
41 44 0.0737
41 45 0.0351
41 160 0.0186
41 185 0.0557
41 186 0.057
41 187 0.0199
42 43 0.148
42 44 0.0689
42 45 0.0708
42 46 0.0409
42 52 0.0256
43 44 0.149
43 45 0.0638
43 46 0.0759
43 47 0.0529
44 45 0.149
44 46 0.0628
44 47 0.0785
44 48 0.0455
45 46 0.148
45 47 0.0641
45 48 0.0731
45 49 0.0403
45 50 0.0671
45 51 0.0329
45 52 0.0261
46 47 0.148
46 48 0.0672
46 49 0.0782
46 50 0.0698
46 51 0.0453
46 52 0.0213
46 120 0.0244
46 121 0.0681
46 122 0.0188
47 48 0.149
47 49 0.0658
47 50 0.0225
48 49 0.149
48 50 0.0502
49 50 0.15
49 51 0.0312
49 120 0.0596
49 121 0.0432
50 51 0.149
50 52 0.0333
50 119 0.018
50 120 0.0919
50 121 0.0508
50 122 0.0188
51 52 0.149
51 53 0.0311
51 118 0.0267
51 119 0.0393
51 120 0.0989
51 121 0.0866
51 122 0.0859
51 123 0.0519
52 53 0.149
52 54 0.0509
52 121 0.0216
52 122 0.0425
52 123 0.0954
52 124 0.0477
52 125 0.0176
53 54 0.149
53 55 0.0349
53 115 0.021
53 123 0.0457
53 124 0.086
53 125 0.052
53 126 0.0286
53 153 0.0241
53 154 0.0256
54 55 0.149
54 56 0.034
54 123 0.0231
54 124 0.0476
54 125 0.0972
54 126 0.0472
55 56 0.151
55 57 0.0271
55 108 0.0185
55 125 0.0405
55 126 0.0567
55 127 0.023
55 128 0.0247
55 129 0.0328
55 171 0.0253
56 57 0.152
56 58 0.0326
56 126 0.0217
56 127 0.0214
56 128 0.0524
56 129 0.048
57 58 0.151
57 59 0.0357
57 60 0.0179
57 87 0.0193
57 127 0.018
57 128 0.0943
57 129 0.0659
57 130 0.0553
58 59 0.149
58 60 0.0363
58 61 0.0201
58 85 0.0628
58 86 0.0288
58 87 0.0326
58 128 0.0461
58 130 0.0217
59 60 0.15
59 61 0.0464
59 85 0.0532
60 61 0.149
60 62 0.0372
60 85 0.0221
60 130 0.0261
61 62 0.147
61 63 0.0601
61 80 0.0204
61 82 0.0308
61 85 0.038
61 130 0.0439
61 131 0.0445
62 63 0.152
62 64 0.0324
62 80 0.0267
62 130 0.0213
62 131 0.0314
62 133 0.0235
63 64 0.15
63 65 0.0315
63 79 0.0174
63 80 0.0803
63 81 0.0184
63 130 0.053
63 131 0.117
63 132 0.1
63 133 0.0986
64 65 0.148
64 66 0.0397
64 68 0.0286
64 69 0.0198
64 79 0.036
64 80 0.0786
64 131 0.0438
64 132 0.0842
64 133 0.0773
65 66 0.147
65 67 0.0664
65 68 0.0555
65 69 0.0271
65 132 0.0541
65 133 0.0731
65 134 0.0364
66 67 0.149
66 68 0.0662
66 69 0.0737
66 70 0.0184
66 79 0.018
66 132 0.0447
66 133 0.0262
66 134 0.0274
66 146 0.0201
67 68 0.15
67 69 0.0658
67 70 0.0351
68 69 0.149
68 70 0.0605
68 71 0.0558
68 72 0.038
68 79 0.023
69 70 0.149
69 71 0.0613
69 72 0.0775
69 73 0.048
69 78 0.0195
69 79 0.0698
70 71 0.149
70 72 0.0652
70 73 0.0703
70 74 0.0406
71 72 0.148
71 73 0.0614
71 74 0.071
71 75 0.0346
72 73 0.15
72 74 0.0669
72 75 0.0707
72 76 0.0398
72 77 0.0692
72 78 0.0391
72 79 0.0525
73 74 0.147
73 75 0.0693
73 76 0.0981
73 77 0.0745
73 78 0.0455
73 79 0.0301
74 75 0.15
74 76 0.0794
74 77 0.026
75 76 0.151
75 77 0.0648
76 77 0.151
76 78 0.0327
77 78 0.15
77 79 0.0398
77 81 0.0184
78 79 0.146
78 80 0.0425
78 81 0.0663
78 106 0.0287
78 107 0.0451
79 80 0.15
79 81 0.0638
79 107 0.0261
79 131 0.0369
79 132 0.0256
80 81 0.151
80 82 0.038
80 130 0.0178
80 131 0.113
80 132 0.0444
81 82 0.151
81 83 0.038
81 85 0.0206
81 86 0.0259
81 131 0.0466
82 83 0.149
82 84 0.063
82 85 0.0636
82 86 0.0399
82 131 0.0186
83 84 0.149
83 85 0.0662
83 86 0.0655
84 85 0.15
84 86 0.0509
85 86 0.149
85 87 0.0379
85 128 0.0267
86 87 0.148
86 88 0.0624
86 89 0.0241
86 127 0.0356
86 128 0.0442
87 88 0.149
87 89 0.0608
87 90 0.0782
87 91 0.0398
87 125 0.0175
87 126 0.0189
87 127 0.0594
87 128 0.0504
88 89 0.148
88 90 0.0685
88 91 0.0738
88 92 0.0344
88 104 0.0395
88 106 0.0204
88 127 0.0273
89 90 0.148
89 91 0.0688
89 92 0.0768
89 93 0.0436
90 91 0.148
90 92 0.0673
90 93 0.0799
90 94 0.0503
91 92 0.147
91 93 0.0615
91 94 0.0757
91 95 0.0437
91 102 0.0497
91 103 0.0277
91 104 0.048
91 125 0.0434
92 93 0.149
92 94 0.0657
92 95 0.0764
92 96 0.0412
92 102 0.0299
93 94 0.147
93 95 0.0672
93 96 0.0798
93 97 0.0428
94 95 0.149
94 96 0.068
94 97 0.0789
94 98 0.0506
94 102 0.0289
95 96 0.149
95 97 0.0655
95 98 0.0766
95 99 0.0612
95 100 0.0685
95 101 0.07
95 102 0.0721
96 97 0.15
96 98 0.0592
96 99 0.0772
96 100 0.0281
97 98 0.149
97 99 0.0649
97 100 0.0178
98 99 0.15
98 100 0.07
98 101 0.0186
99 100 0.148
99 101 0.0293
100 101 0.149
100 102 0.0368
101 102 0.151
101 103 0.0402
101 122 0.0239
101 123 0.0308
102 103 0.15
102 104 0.0421
102 122 0.0255
102 123 0.0783
102 124 0.0645
102 125 0.0325
103 104 0.152
103 105 0.04
103 123 0.0395
103 124 0.0938
103 125 0.0427
104 105 0.147
104 106 0.0477
104 124 0.0539
104 125 0.0799
104 126 0.0488
104 127 0.0282
105 106 0.146
105 107 0.0588
105 108 0.0373
105 111 0.0449
105 114 0.0249
105 124 0.032
105 125 0.0471
105 126 0.0953
105 127 0.0519
106 107 0.148
106 108 0.037
106 111 0.0182
106 126 0.0405
106 127 0.08
107 108 0.151
107 109 0.0637
107 110 0.0677
107 111 0.0385
107 126 0.0398
107 127 0.0723
107 128 0.0202
108 109 0.149
108 110 0.0582
108 111 0.0469
108 126 0.0904
108 127 0.0786
108 128 0.032
108 129 0.046
108 150 0.022
109 110 0.15
109 111 0.0491
109 146 0.023
109 149 0.041
109 150 0.0338
110 111 0.149
110 112 0.0517
110 113 0.0175
111 112 0.149
111 113 0.0631
111 114 0.0588
111 115 0.0487
111 126 0.0214
111 153 0.0189
112 113 0.149
112 114 0.0529
112 115 0.0728
112 116 0.049
112 153 0.0345
113 114 0.149
113 115 0.0698
113 116 0.0783
113 117 0.0379
114 115 0.149
114 116 0.0645
114 117 0.0688
114 118 0.0349
115 116 0.149
115 117 0.0656
115 118 0.0688
115 124 0.0213
115 153 0.0433
116 117 0.148
116 118 0.0627
116 153 0.0193
117 118 0.149
117 119 0.0368
118 119 0.151
118 120 0.0314
118 122 0.0473
119 120 0.147
119 121 0.0459
119 122 0.0568
120 121 0.15
120 122 0.0594
121 122 0.148
121 123 0.0345
122 123 0.15
122 124 0.0351
123 124 0.149
123 125 0.0343
124 125 0.15
124 126 0.0405
125 126 0.15
125 127 0.0378
126 127 0.149
126 128 0.0361
126 129 0.0219
127 128 0.146
127 129 0.045
128 129 0.15
128 130 0.0666
128 131 0.0537
129 130 0.149
129 131 0.0672
129 132 0.0451
129 135 0.0377
129 171 0.0184
130 131 0.15
130 132 0.0837
130 133 0.0392
130 135 0.052
130 136 0.0231
131 132 0.148
131 133 0.0368
132 133 0.15
132 134 0.0622
132 135 0.055
133 134 0.151
133 135 0.0661
133 136 0.0389
133 137 0.0395
134 135 0.15
134 136 0.0651
134 137 0.0973
134 139 0.0177
134 142 0.079
134 143 0.0669
134 145 0.0185
134 146 0.0382
134 169 0.0178
134 170 0.0259
135 136 0.15
135 137 0.0565
135 142 0.0222
135 143 0.0558
135 146 0.0347
135 147 0.0176
135 169 0.0641
135 170 0.084
135 171 0.0298
136 137 0.151
136 138 0.0376
136 143 0.0311
136 168 0.0309
136 169 0.0942
136 170 0.0355
137 138 0.15
137 139 0.071
137 140 0.0264
137 142 0.0482
137 143 0.0477
137 169 0.0328
138 139 0.149
138 140 0.0408
138 142 0.0214
138 143 0.0192
138 168 0.0199
139 140 0.149
139 141 0.0676
139 142 0.0735
139 143 0.0376
140 141 0.148
140 142 0.0694
140 143 0.0789
140 144 0.0525
141 142 0.15
141 143 0.0653
141 144 0.0849
141 145 0.0478
142 143 0.151
142 144 0.0639
142 145 0.0669
142 146 0.0353
142 170 0.0173
143 144 0.148
143 145 0.0636
143 146 0.0666
143 147 0.0502
143 169 0.0498
143 170 0.106
143 174 0.0483
144 145 0.149
144 146 0.0626
144 147 0.0837
144 148 0.0509
144 170 0.0421
144 174 0.0633
144 175 0.0207
144 178 0.0208
145 146 0.149
145 147 0.064
145 148 0.0707
145 149 0.0302
145 170 0.0173
146 147 0.15
146 148 0.0662
146 149 0.0625
146 150 0.0369
146 170 0.0484
146 174 0.0175
147 148 0.149
147 149 0.0677
147 150 0.0829
147 151 0.0549
147 170 0.0904
147 171 0.0396
147 174 0.0746
147 175 0.0828
147 178 0.0252
148 149 0.15
148 150 0.0632
148 151 0.0751
148 152 0.042
148 174 0.0203
148 175 0.0323
148 178 0.0364
149 150 0.149
149 151 0.0622
149 152 0.069
149 153 0.0287
150 151 0.148
150 152 0.0682
150 153 0.0676
150 154 0.0218
150 171 0.0194
150 175 0.0317
151 152 0.148
151 153 0.073
151 154 0.0555
151 155 0.0222
151 175 0.0683
151 176 0.02
151 178 0.033
151 179 0.0492
152 153 0.149
152 154 0.0609
152 155 0.0198
153 154 0.15
153 155 0.0249
154 155 0.15
154 156 0.0483
154 157 0.0218
155 156 0.149
155 157 0.031
155 179 0.0258
156 157 0.151
156 158 0.0338
156 179 0.0262
156 181 0.0391
156 182 0.0338
157 158 0.149
157 159 0.0361
157 175 0.025
157 176 0.0478
157 179 0.0231
157 181 0.0423
157 182 0.0936
157 183 0.0402
158 159 0.148
158 160 0.0393
158 182 0.0582
158 183 0.0831
158 184 0.0595
158 185 0.0554
159 160 0.149
159 161 0.0494
159 162 0.0198
159 172 0.0312
159 182 0.0282
159 183 0.0444
159 184 0.0782
159 185 0.0595
159 188 0.0317
159 407 0.0184
160 161 0.148
160 162 0.047
160 184 0.0459
160 185 0.0932
160 186 0.0319
160 187 0.0566
160 188 0.0822
160 189 0.0178
161 162 0.15
161 163 0.0649
161 164 0.0493
161 165 0.0338
161 187 0.0236
161 188 0.038
161 391 0.0188
162 163 0.15
162 164 0.0669
162 165 0.0841
162 166 0.02
162 187 0.0229
162 188 0.0616
162 191 0.0279
162 391 0.0377
162 392 0.0499
162 395 0.0295
162 407 0.0204
163 164 0.149
163 165 0.0573
163 166 0.0254
163 391 0.0612
163 392 0.164
163 393 0.032
163 394 0.0288
163 395 0.0582
163 396 0.0196
164 165 0.148
164 166 0.06
164 167 0.0437
164 172 0.0256
164 392 0.0282
164 395 0.0318
164 407 0.0226
165 166 0.149
165 167 0.0626
165 168 0.025
165 172 0.0399
165 395 0.0385
165 405 0.0504
165 406 0.0442
165 407 0.127
165 408 0.0386
166 167 0.151
166 168 0.0299
166 394 0.0229
166 395 0.0772
166 398 0.026
166 404 0.0204
166 405 0.101
166 406 0.0564
166 407 0.0468
166 408 0.0174
167 168 0.149
167 169 0.0405
167 172 0.0188
167 405 0.03
167 406 0.0508
167 407 0.0327
168 169 0.15
168 170 0.0287
168 172 0.0411
168 173 0.0611
168 174 0.0224
168 406 0.0519
168 407 0.0335
169 170 0.151
169 171 0.066
169 172 0.074
169 173 0.0614
169 174 0.0452
170 171 0.148
170 172 0.0534
170 173 0.0523
170 174 0.115
170 175 0.0453
171 172 0.148
171 173 0.0511
171 174 0.0525
171 175 0.0566
172 173 0.148
172 174 0.0444
172 175 0.0324
172 176 0.022
172 406 0.0177
172 407 0.0643
173 174 0.148
173 175 0.0556
173 176 0.0518
173 177 0.0407
173 406 0.0334
173 407 0.0586
173 410 0.0475
174 175 0.149
174 176 0.0546
174 177 0.0694
174 178 0.0413
175 176 0.149
175 177 0.0688
175 178 0.0722
175 179 0.0544
176 177 0.149
176 178 0.0626
176 179 0.0845
176 180 0.0608
176 181 0.0727
176 182 0.0761
176 410 0.0311
176 411 0.0281
177 178 0.148
177 179 0.0615
177 180 0.069
177 181 0.0295
177 410 0.0284
178 179 0.149
178 180 0.0623
179 180 0.151
179 181 0.0587
179 182 0.0185
180 181 0.149
180 182 0.0279
181 182 0.151
181 183 0.0295
181 411 0.0299
181 412 0.0423
182 183 0.152
182 184 0.0286
182 410 0.0259
182 411 0.0953
182 412 0.0635
183 184 0.148
183 185 0.0362
183 411 0.0683
183 412 0.0521
184 185 0.149
184 186 0.0377
184 187 0.0204
184 188 0.0667
184 189 0.0679
184 411 0.0282
185 186 0.148
185 187 0.0582
185 188 0.0672
185 189 0.0517
186 187 0.148
186 188 0.0623
186 189 0.0819
186 190 0.0432
187 188 0.149
187 189 0.0669
187 190 0.0707
187 191 0.042
188 189 0.15
188 190 0.0666
188 191 0.0805
188 192 0.0445
189 190 0.149
189 191 0.0623
189 192 0.0655
189 193 0.0435
190 191 0.147
190 192 0.0624
190 193 0.0775
190 194 0.0459
190 388 0.02
191 192 0.15
191 193 0.0651
191 194 0.0646
191 195 0.0435
191 388 0.0216
191 390 0.038
192 193 0.15
192 194 0.0572
192 195 0.0611
192 196 0.0468
192 408 0.0184
193 194 0.15
193 195 0.059
193 196 0.0729
193 197 0.0438
194 195 0.153
194 196 0.0688
194 197 0.0854
194 198 0.0416
194 367 0.0222
194 388 0.0308
195 196 0.149
195 197 0.0745
195 198 0.0789
195 199 0.0445
195 396 0.0206
195 399 0.0272
195 400 0.0224
196 197 0.15
196 198 0.0619
196 199 0.0732
196 200 0.05
197 198 0.151
197 199 0.0644
197 200 0.0779
197 201 0.0352
197 202 0.0482
198 199 0.149
198 200 0.0645
198 201 0.0362
198 202 0.0706
198 331 0.0184
199 200 0.15
199 201 0.0389
199 202 0.0264
199 400 0.0255
200 201 0.152
200 202 0.0473
201 202 0.148
201 203 0.0352
202 203 0.147
202 204 0.0417
202 206 0.0236
202 329 0.0361
202 365 0.0175
203 204 0.149
203 205 0.0398
203 206 0.0332
203 328 0.0685
203 329 0.0585
203 365 0.0223
204 205 0.228
204 206 0.0907
204 229 0.0175
204 230 0.0202
204 327 0.0399
204 328 0.0723
204 329 0.0468
205 206 0.15
205 207 0.0368
205 229 0.0267
205 230 0.0541
205 231 0.0209
205 326 0.0276
205 327 0.0983
205 328 0.0662
205 329 0.0416
206 207 0.151
206 208 0.035
206 228 0.0202
206 229 0.0752
206 230 0.0622
206 231 0.037
206 327 0.0591
206 328 0.0463
206 329 0.103
206 330 0.0617
206 331 0.0208
207 208 0.15
207 209 0.0411
207 229 0.0515
207 230 0.0505
207 231 0.102
207 232 0.055
207 233 0.0253
207 323 0.018
207 324 0.0328
207 327 0.0376
207 329 0.0409
207 330 0.0887
207 331 0.0409
208 209 0.147
208 210 0.0435
208 225 0.0178
208 229 0.0334
208 231 0.0418
208 232 0.0796
208 233 0.0422
208 330 0.0523
208 331 0.0863
208 332 0.0544
208 333 0.0186
209 210 0.149
209 211 0.0335
209 232 0.0515
209 233 0.0986
209 234 0.0509
209 235 0.0224
209 330 0.0238
209 331 0.0445
209 332 0.1
209 333 0.0415
209 334 0.0196
210 211 0.151
210 212 0.0292
210 218 0.0196
210 232 0.0239
210 233 0.0441
210 234 0.0807
210 235 0.0462
210 236 0.019
210 238 0.0173
210 332 0.0515
210 333 0.079
210 334 0.0638
210 335 0.0227
210 336 0.0198
211 212 0.152
211 213 0.0321
211 214 0.0179
211 234 0.0549
211 235 0.109
211 236 0.106
211 237 0.0292
211 238 0.0504
211 239 0.0243
211 332 0.0173
211 333 0.0444
211 334 0.137
211 335 0.0835
211 336 0.0731
211 337 0.0217
212 213 0.151
212 214 0.0491
212 215 0.0187
212 235 0.0274
212 236 0.0858
212 237 0.0461
212 238 0.0479
212 333 0.0221
212 334 0.121
212 335 0.0748
212 336 0.0345
212 337 0.0251
213 214 0.148
213 215 0.0284
213 217 0.0173
213 236 0.0514
213 237 0.0994
213 238 0.066
213 254 0.0217
213 334 0.0187
214 215 0.152
214 216 0.0699
214 217 0.0609
214 218 0.0277
214 237 0.0475
214 238 0.0995
214 255 0.0284
214 256 0.0282
215 216 0.149
215 217 0.066
215 218 0.0704
215 219 0.0405
215 237 0.0191
215 238 0.0985
215 239 0.0219
215 241 0.027
215 256 0.0236
215 259 0.0243
216 217 0.148
216 218 0.0662
216 219 0.0651
216 256 0.0184
216 259 0.0269
217 218 0.149
217 219 0.0515
217 220 0.0227
218 219 0.147
218 220 0.0593
218 221 0.0765
218 222 0.0424
219 220 0.149
219 221 0.0697
219 222 0.0797
219 223 0.049
220 221 0.15
220 222 0.0692
220 223 0.0927
220 224 0.0427
220 401 0.069
221 222 0.149
221 223 0.0657
221 224 0.0672
221 225 0.0513
221 397 0.0321
221 398 0.0201
221 400 0.0513
221 401 0.104
221 402 0.0182
222 223 0.146
222 224 0.0683
222 225 0.0823
222 226 0.0685
222 401 0.0211
223 224 0.149
223 225 0.0521
223 226 0.0454
223 401 0.0254
224 225 0.15
224 226 0.0485
224 227 0.0306
224 228 0.02
224 400 0.0295
224 401 0.0626
224 402 0.04
225 226 0.148
225 227 0.0638
225 228 0.0736
225 229 0.04
225 400 0.0259
225 401 0.0226
226 227 0.15
226 228 0.0636
226 229 0.0544
226 270 0.03
226 273 0.0178
226 275 0.0227
227 228 0.149
227 229 0.0506
227 273 0.0272
228 229 0.15
228 230 0.0281
229 230 0.149
229 231 0.0542
229 232 0.0257
229 275 0.0337
230 231 0.148
230 232 0.0306
230 274 0.0234
230 275 0.0889
230 276 0.0444
231 232 0.15
231 233 0.0386
231 275 0.0642
231 276 0.0958
231 277 0.055
231 278 0.0217
231 323 0.0188
232 233 0.147
232 234 0.041
232 275 0.0296
232 276 0.0461
232 277 0.0996
232 278 0.0448
233 234 0.149
233 235 0.0341
233 277 0.051
233 278 0.085
233 279 0.0456
233 320 0.0331
234 235 0.15
234 236 0.0274
234 238 0.0285
234 239 0.059
234 277 0.0222
234 278 0.0412
234 279 0.0735
234 280 0.028
234 336 0.0194
235 236 0.149
235 237 0.0374
235 238 0.0452
235 239 0.0791
235 279 0.0331
235 280 0.0357
235 311 0.0187
235 312 0.0352
235 334 0.0178
235 335 0.0272
235 336 0.1
235 337 0.03
236 237 0.149
236 238 0.0713
236 239 0.0532
236 240 0.0193
236 310 0.0233
236 311 0.0375
236 312 0.026
236 334 0.0256
236 335 0.0509
236 336 0.122
236 337 0.103
236 338 0.0248
237 238 0.149
237 239 0.0745
237 240 0.0645
237 241 0.0239
237 253 0.0251
237 254 0.0577
237 255 0.0399
237 309 0.0188
237 310 0.0217
237 336 0.0185
237 337 0.0283
238 239 0.149
238 240 0.0597
238 241 0.0496
238 242 0.0263
238 255 0.0307
239 240 0.149
239 241 0.061
239 242 0.0705
239 243 0.0434
239 279 0.0395
239 280 0.0282
240 241 0.152
240 242 0.0732
240 243 0.0854
240 244 0.0539
240 250 0.0373
240 253 0.0328
240 254 0.033
240 255 0.0611
241 242 0.148
241 243 0.0595
241 244 0.0722
241 245 0.048
241 254 0.0189
241 255 0.0887
241 256 0.0562
241 257 0.0299
241 259 0.0322
241 260 0.048
241 263 0.0319
242 243 0.148
242 244 0.0643
242 245 0.0784
242 246 0.044
242 260 0.0337
242 263 0.0725
242 264 0.0283
242 279 0.0189
243 244 0.148
243 245 0.0658
243 246 0.0756
243 247 0.0413
243 248 0.067
243 249 0.0218
243 250 0.0257
243 279 0.0229
243 301 0.025
244 245 0.149
244 246 0.0658
244 247 0.076
244 248 0.0783
244 249 0.045
244 250 0.0456
244 260 0.0246
245 246 0.148
245 247 0.0666
245 248 0.024
245 260 0.0823
245 261 0.027
245 263 0.0372
245 264 0.0416
246 247 0.151
246 248 0.0466
246 264 0.0304
247 248 0.148
247 249 0.0355
248 249 0.15
248 250 0.0437
248 301 0.0386
248 302 0.0639
248 303 0.0188
249 250 0.15
249 251 0.0535
249 301 0.0209
249 302 0.0836
249 303 0.0596
249 304 0.0254
249 305 0.0217
250 251 0.15
250 252 0.0427
250 253 0.0592
250 301 0.0173
250 302 0.0484
250 303 0.0926
250 304 0.029
250 305 0.0259
250 307 0.0175
250 308 0.0271
250 309 0.0225
251 252 0.15
251 253 0.0618
251 303 0.0632
251 304 0.0615
251 305 0.121
251 306 0.0589
251 307 0.0635
251 308 0.0514
251 309 0.0174
252 253 0.149
252 254 0.0371
252 305 0.034
252 306 0.0524
252 307 0.0623
252 308 0.0972
252 309 0.0199
253 254 0.149
253 255 0.0433
253 307 0.0295
253 308 0.133
253 309 0.0651
253 310 0.0204
254 255 0.149
254 256 0.0271
254 308 0.0263
254 309 0.0181
255 256 0.149
255 257 0.0424
256 257 0.15
256 258 0.0699
256 259 0.0665
256 260 0.0291
257 258 0.15
257 259 0.0717
257 260 0.062
258 259 0.151
258 260 0.051
258 261 0.0233
259 260 0.148
259 261 0.0642
259 262 0.0814
259 263 0.0467
260 261 0.149
260 262 0.0669
260 263 0.0785
260 264 0.0401
261 262 0.15
261 263 0.0681
261 264 0.0733
261 265 0.0454
262 263 0.15
262 264 0.0636
262 265 0.0792
262 266 0.0493
263 264 0.148
263 265 0.065
263 266 0.077
263 267 0.0431
264 265 0.148
264 266 0.065
264 267 0.072
264 268 0.0447
265 266 0.149
265 267 0.0632
265 268 0.0832
265 269 0.0479
266 267 0.149
266 268 0.0712
266 269 0.0838
266 270 0.0485
267 268 0.148
267 269 0.064
267 270 0.0779
267 271 0.0431
267 277 0.0253
268 269 0.148
268 270 0.0652
268 271 0.0709
268 272 0.0437
269 270 0.149
269 271 0.0643
269 272 0.081
269 273 0.0445
270 271 0.15
270 272 0.0684
270 273 0.0784
270 274 0.0511
270 275 0.0809
270 276 0.0293
270 277 0.0292
271 272 0.15
271 273 0.0678
271 274 0.0954
271 275 0.0545
271 276 0.0301
271 277 0.0184
272 273 0.148
272 274 0.0695
272 275 0.0214
273 274 0.149
273 275 0.0623
274 275 0.149
274 276 0.0429
275 276 0.149
275 277 0.045
276 277 0.148
276 278 0.0381
277 278 0.15
277 279 0.0365
278 279 0.15
278 280 0.0337
278 320 0.0193
279 280 0.149
279 281 0.0402
279 316 0.0185
280 281 0.15
280 282 0.0625
280 283 0.0294
280 301 0.041
280 312 0.0449
280 313 0.0234
280 316 0.0692
281 282 0.149
281 283 0.0283
281 299 0.0187
281 300 0.0756
281 301 0.092
281 312 0.0177
281 313 0.0236
281 315 0.0375
281 316 0.0696
282 283 0.149
282 284 0.0263
282 297 0.0275
282 298 0.0666
282 299 0.0563
282 300 0.108
282 301 0.0803
282 302 0.0234
282 312 0.0409
282 313 0.0893
282 314 0.0285
282 315 0.0452
282 316 0.0517
283 284 0.15
283 285 0.0468
283 296 0.0176
283 297 0.0613
283 298 0.0692
283 299 0.0203
283 300 0.0248
283 301 0.0287
283 303 0.0244
283 309 0.0525
283 310 0.0255
283 311 0.05
283 312 0.0951
283 313 0.132
283 314 0.0216
283 316 0.0204
284 285 0.147
284 286 0.0266
284 295 0.0466
284 296 0.0581
284 297 0.103
284 298 0.0362
284 309 0.058
284 310 0.0549
284 311 0.0773
284 312 0.0503
284 313 0.075
284 344 0.0261
285 286 0.152
285 287 0.029
285 295 0.0591
285 296 0.0784
285 297 0.0451
285 298 0.0219
285 303 0.021
285 307 0.0472
285 308 0.0679
285 309 0.129
285 310 0.0719
285 311 0.0296
286 287 0.149
286 288 0.0638
286 289 0.0278
286 290 0.0222
286 292 0.0215
286 295 0.0631
286 296 0.0505
286 307 0.0722
286 308 0.0575
286 309 0.035
286 310 0.0262
287 288 0.148
287 289 0.0274
287 306 0.0523
287 307 0.113
287 308 0.0455
288 289 0.15
288 290 0.0624
288 307 0.0307
288 308 0.0334
289 290 0.151
289 291 0.0291
289 308 0.0223
289 310 0.0189
290 291 0.15
290 292 0.0375
290 341 0.0191
291 292 0.15
291 293 0.0323
291 295 0.0181
291 341 0.0469
291 342 0.0267
291 343 0.0441
291 344 0.0217
292 293 0.148
292 294 0.0584
292 295 0.0561
292 343 0.035
293 294 0.15
293 295 0.0455
293 343 0.0401
294 295 0.147
294 296 0.0377
294 343 0.0192
295 296 0.15
295 297 0.0407
295 343 0.0229
296 297 0.149
296 298 0.0393
297 298 0.148
297 299 0.0344
297 313 0.0371
298 299 0.149
298 300 0.062
298 301 0.0246
298 302 0.0289
298 303 0.037
298 304 0.0182
298 313 0.0232
299 300 0.149
299 301 0.026
299 302 0.0204
300 301 0.147
300 302 0.0639
300 303 0.0189
301 302 0.149
301 303 0.0378
302 303 0.151
302 304 0.0361
303 304 0.147
303 305 0.0387
303 307 0.0361
303 308 0.0277
303 309 0.0323
304 305 0.15
304 306 0.0487
304 307 0.0677
304 308 0.0195
305 306 0.152
305 307 0.0643
306 307 0.149
306 308 0.0314
307 308 0.149
307 309 0.0362
308 309 0.148
308 310 0.0433
309 310 0.149
309 311 0.0489
309 312 0.0203
310 311 0.147
310 312 0.0277
310 337 0.066
310 338 0.0559
310 344 0.0501
311 312 0.149
311 313 0.0429
311 336 0.0477
311 337 0.139
311 338 0.0428
311 344 0.0769
311 345 0.0288
311 346 0.0229
311 347 0.0446
312 313 0.15
312 314 0.03
312 316 0.049
312 317 0.0352
312 336 0.0434
312 337 0.0403
312 347 0.0604
313 314 0.146
313 315 0.0582
313 316 0.069
313 317 0.0436
313 347 0.0277
314 315 0.149
314 316 0.0649
314 317 0.0758
314 318 0.0444
314 347 0.0177
315 316 0.149
315 317 0.0651
315 318 0.0807
315 319 0.0437
316 317 0.149
316 318 0.0703
316 319 0.0802
316 320 0.0488
317 318 0.15
317 319 0.0648
317 320 0.0754
317 321 0.0511
317 347 0.0458
317 350 0.0333
317 351 0.0221
318 319 0.148
318 320 0.06
318 321 0.0707
318 322 0.0459
319 320 0.149
319 321 0.0637
319 322 0.0777
319 323 0.0449
320 321 0.149
320 322 0.0679
320 323 0.0798
320 324 0.0445
320 351 0.0224
321 322 0.149
321 323 0.0657
321 324 0.0764
321 325 0.0432
321 350 0.0231
321 351 0.0371
321 354 0.0579
322 323 0.149
322 324 0.0652
322 325 0.0821
322 326 0.0324
323 324 0.149
323 325 0.0734
323 326 0.0689
323 327 0.0295
324 325 0.15
324 326 0.0689
324 327 0.0678
324 330 0.0297
324 354 0.0309
324 355 0.0287
324 358 0.0205
325 326 0.149
325 327 0.061
325 354 0.0236
325 358 0.0368
326 327 0.151
326 328 0.0295
327 328 0.149
327 329 0.0629
327 330 0.0319
327 364 0.0297
328 329 0.148
328 330 0.0307
328 363 0.0247
328 364 0.0942
328 365 0.0458
329 330 0.149
329 331 0.032
329 364 0.0657
329 365 0.105
329 366 0.0519
330 331 0.15
330 332 0.0369
330 355 0.0253
330 364 0.0265
330 365 0.0461
330 366 0.0876
330 367 0.0443
331 332 0.148
331 333 0.0317
331 366 0.0477
331 367 0.0888
331 368 0.0539
331 369 0.0244
332 333 0.149
332 334 0.035
332 367 0.0412
332 368 0.0921
332 369 0.052
332 373 0.0234
333 334 0.15
333 335 0.0312
333 368 0.0434
333 369 0.0826
333 370 0.0279
333 371 0.0198
333 373 0.0319
333 393 0.023
333 397 0.0265
334 335 0.148
334 336 0.0354
334 369 0.0222
334 370 0.0176
334 371 0.0324
334 372 0.0292
334 373 0.0497
335 336 0.148
335 337 0.0634
335 338 0.0257
335 339 0.0338
335 347 0.0181
335 348 0.0627
335 371 0.0208
335 372 0.0524
335 373 0.0797
336 337 0.15
336 338 0.0265
336 339 0.0211
336 345 0.0193
336 347 0.0635
336 348 0.0813
336 373 0.0175
337 338 0.148
337 339 0.0602
337 344 0.0537
337 345 0.0422
337 347 0.0387
337 348 0.0373
338 339 0.147
338 340 0.0676
338 341 0.0508
338 344 0.0708
338 345 0.0431
339 340 0.15
339 341 0.0717
339 342 0.035
339 344 0.0558
339 345 0.115
339 346 0.0188
339 348 0.0333
339 372 0.0363
339 376 0.0178
340 341 0.148
340 342 0.0357
340 344 0.0214
340 345 0.0277
340 372 0.0174
341 342 0.15
341 343 0.0558
341 344 0.0626
341 345 0.0427
342 343 0.149
342 344 0.0666
342 345 0.073
342 346 0.0212
343 344 0.147
343 345 0.0573
343 346 0.031
344 345 0.148
344 346 0.0536
344 347 0.0271
345 346 0.148
345 347 0.0587
345 348 0.0639
345 349 0.0437
346 347 0.15
346 348 0.0651
346 349 0.078
346 350 0.0499
347 348 0.151
347 349 0.0633
347 350 0.0771
347 351 0.0381
348 349 0.149
348 350 0.0675
348 351 0.0644
348 352 0.0369
348 372 0.0177
348 373 0.0431
348 376 0.0394
349 350 0.149
349 351 0.0604
349 352 0.0737
349 353 0.0443
349 373 0.0194
349 376 0.0667
349 377 0.0315
349 380 0.026
350 351 0.149
350 352 0.0684
350 353 0.0834
350 354 0.0448
351 352 0.148
351 353 0.0677
351 354 0.0753
351 355 0.0463
352 353 0.148
352 354 0.0611
352 355 0.0732
352 356 0.0475
352 373 0.0252
352 376 0.0366
352 377 0.0736
352 380 0.0173
352 382 0.0391
353 354 0.147
353 355 0.0638
353 356 0.0714
353 357 0.0467
353 377 0.0239
353 380 0.0187
353 382 0.0403
354 355 0.149
354 356 0.0604
354 357 0.0718
354 358 0.0491
355 356 0.149
355 357 0.0649
355 358 0.0814
355 359 0.0414
355 364 0.0237
355 366 0.0509
355 386 0.0342
356 357 0.149
356 358 0.067
356 359 0.0705
356 360 0.0484
356 366 0.026
356 382 0.0653
356 383 0.0255
356 384 0.0181
356 385 0.0864
356 386 0.0883
356 387 0.0176
357 358 0.15
357 359 0.0666
357 360 0.081
357 361 0.0584
357 362 0.0215
357 385 0.0271
358 359 0.15
358 360 0.0584
358 361 0.0648
358 362 0.0711
358 363 0.0414
358 364 0.0758
358 366 0.0193
359 360 0.15
359 361 0.0618
359 362 0.0701
359 363 0.122
359 364 0.122
359 365 0.0441
359 366 0.0374
359 385 0.0377
359 386 0.0465
359 387 0.0328
360 361 0.151
360 362 0.0505
360 363 0.0464
360 364 0.0208
360 385 0.0555
360 386 0.0231
361 362 0.149
361 363 0.0439
362 363 0.151
362 364 0.0593
363 364 0.149
363 365 0.0442
364 365 0.148
364 366 0.0545
364 387 0.0192
365 366 0.149
365 367 0.0358
365 386 0.0207
365 387 0.058
366 367 0.149
366 368 0.035
366 386 0.0602
366 387 0.081
366 388 0.0423
367 368 0.149
367 369 0.0394
367 386 0.0308
367 387 0.0484
367 388 0.0904
367 389 0.0559
367 390 0.0247
368 369 0.151
368 370 0.0497
368 373 0.0352
368 374 0.0521
368 388 0.0393
368 389 0.0899
368 390 0.051
369 370 0.15
369 371 0.0337
369 373 0.0274
369 374 0.0375
369 389 0.0403
369 390 0.0816
369 391 0.0252
369 392 0.0346
369 393 0.0669
369 396 0.0637
369 397 0.032
370 371 0.151
370 372 0.0364
370 373 0.0464
370 374 0.101
370 375 0.0257
370 389 0.037
370 390 0.0932
370 391 0.0819
370 392 0.0875
370 393 0.132
370 394 0.0202
370 396 0.0279
371 372 0.149
371 373 0.0674
371 374 0.0647
371 375 0.0402
371 391 0.0226
371 392 0.032
371 393 0.0888
372 373 0.15
372 374 0.0706
372 375 0.0978
372 376 0.0504
373 374 0.147
373 375 0.0663
373 376 0.0746
373 377 0.0369
374 375 0.148
374 376 0.0672
374 377 0.0758
374 378 0.0457
374 383 0.0226
374 389 0.0516
374 390 0.0335
374 391 0.0246
375 376 0.148
375 377 0.0673
375 378 0.0864
375 379 0.0494
376 377 0.149
376 378 0.066
376 379 0.0707
376 380 0.0461
377 378 0.15
377 379 0.0599
377 380 0.0676
377 381 0.0465
377 382 0.0943
377 383 0.0878
377 389 0.02
378 379 0.149
378 380 0.0604
378 381 0.066
378 382 0.0471
378 383 0.0836
378 384 0.0183
379 380 0.15
379 381 0.0607
379 382 0.022
380 381 0.15
380 382 0.0639
380 383 0.0208
381 382 0.15
381 383 0.0597
381 384 0.0373
381 385 0.0202
382 383 0.149
382 384 0.0665
382 385 0.0758
382 386 0.0429
383 384 0.15
383 385 0.065
383 386 0.0728
383 388 0.0234
383 389 0.0454
384 385 0.148
384 386 0.0624
384 387 0.0193
385 386 0.149
385 387 0.0353
386 387 0.148
386 388 0.0689
386 389 0.0357
387 388 0.15
387 389 0.0291
388 389 0.15
388 390 0.0439
389 390 0.15
389 391 0.0359
390 391 0.15
390 392 0.0621
390 393 0.0271
390 396 0.03
391 392 0.149
391 393 0.0354
392 393 0.15
392 394 0.0591
392 395 0.0761
392 396 0.0563
393 394 0.151
393 395 0.0622
393 396 0.0666
393 397 0.0448
394 395 0.149
394 396 0.0597
394 397 0.0715
394 398 0.0424
395 396 0.15
395 397 0.0666
395 398 0.0752
395 399 0.039
395 405 0.0225
396 397 0.149
396 398 0.0664
396 399 0.0729
396 400 0.0417
397 398 0.15
397 399 0.0656
397 400 0.0808
397 401 0.0463
398 399 0.149
398 400 0.0689
398 401 0.0862
398 402 0.037
398 403 0.0632
398 404 0.0231
398 405 0.0208
399 400 0.149
399 401 0.0689
399 402 0.0741
399 403 0.0771
399 404 0.0446
399 405 0.0272
400 401 0.147
400 402 0.074
400 403 0.0267
401 402 0.149
401 403 0.0586
402 403 0.148
402 404 0.0334
403 404 0.148
403 405 0.037
404 405 0.148
404 406 0.0355
404 408 0.0219
404 409 0.0266
405 406 0.146
405 407 0.0673
405 408 0.0701
405 409 0.0454
406 407 0.149
406 408 0.0655
406 409 0.0753
406 410 0.0476
407 408 0.15
407 409 0.0558
407 410 0.06
407 411 0.0293
408 409 0.149
408 410 0.065
408 411 0.0614
409 410 0.148
409 411 0.0634
409 412 0.0192
410 411 0.147
410 412 0.0353
411 412 0.149
411 413 0.0368
412 413 0.149
412 414 0.0395
413 414 0.151
